% Number of threads = 6

% number of repeats:% 3
% enter first, last, inc:% 48 1488 48 
data = [
%  n          reference      |         current implementation 
%        time       GFLOPS   |    time       GFLOPS     diff 
  1488 7.2346e-02 9.1080e+01    1.2712e-01 5.1837e+01 1.8190e-12
  1440 6.6726e-02 8.9500e+01    1.1700e-01 5.1042e+01 1.8190e-12
  1392 6.1839e-02 8.7234e+01    1.1039e-01 4.8867e+01 1.6485e-12
  1344 5.7637e-02 8.4241e+01    1.0132e-01 4.7922e+01 1.5348e-12
  1296 5.3131e-02 8.1940e+01    9.2101e-02 4.7270e+01 1.3642e-12
  1248 4.9545e-02 7.8465e+01    7.7541e-02 5.0135e+01 1.4211e-12
  1200 4.5762e-02 7.5522e+01    6.9507e-02 4.9722e+01 1.1369e-12
  1152 4.2088e-02 7.2650e+01    6.2866e-02 4.8638e+01 9.6634e-13
  1104 3.9185e-02 6.8678e+01    5.8350e-02 4.6121e+01 6.8212e-13
  1056 3.6418e-02 6.4670e+01    5.1298e-02 4.5912e+01 5.1159e-13
  1008 3.1835e-02 6.4345e+01    4.0727e-02 5.0296e+01 2.2737e-13
   960 2.4796e-02 7.1361e+01    3.7250e-02 4.7502e+01 1.7053e-13
   912 1.9201e-02 7.9013e+01    3.2380e-02 4.6854e+01 1.1369e-13
   864 1.4077e-02 9.1632e+01    2.8138e-02 4.5844e+01 1.1369e-13
   816 1.0421e-02 1.0428e+02    2.5420e-02 4.2749e+01 1.4211e-13
   768 8.2391e-03 1.0996e+02    1.8546e-02 4.8849e+01 1.4211e-13
   720 6.3164e-03 1.1818e+02    1.5677e-02 4.7618e+01 1.1369e-13
   672 5.0082e-03 1.2119e+02    1.3032e-02 4.6572e+01 1.1369e-13
   624 4.0489e-03 1.2002e+02    1.0805e-02 4.4975e+01 1.1369e-13
   576 3.1718e-03 1.2050e+02    8.8152e-03 4.3358e+01 1.7053e-13
   528 2.4160e-03 1.2185e+02    7.5425e-03 3.9031e+01 1.1369e-13
   480 1.7703e-03 1.2494e+02    4.9120e-03 4.5029e+01 1.1369e-13
   432 1.2980e-03 1.2423e+02    3.6089e-03 4.4679e+01 5.6843e-14
   384 9.1210e-04 1.2416e+02    2.8751e-03 3.9389e+01 5.6843e-14
   336 6.4163e-04 1.1824e+02    2.1830e-03 3.4753e+01 5.6843e-14
   288 3.8202e-04 1.2506e+02    1.5038e-03 3.1770e+01 7.1054e-14
   240 2.6492e-04 1.0437e+02    7.6223e-04 3.6273e+01 4.2633e-14
   192 1.4252e-04 9.9328e+01    4.1645e-04 3.3992e+01 2.8422e-14
   144 7.5532e-05 7.9065e+01    2.1080e-04 2.8331e+01 2.8422e-14
    96 3.9224e-05 4.5112e+01    1.0732e-04 1.6488e+01 1.0658e-14
    48 1.8164e-05 1.2177e+01    3.0006e-05 7.3713e+00 5.3291e-15
];

% Maximum difference between reference and your implementation: 1.818989e-12.
