% Number of threads = 12

% number of repeats:% 3
% enter first, last, inc:% 48 1968 48 
data = [
%  n          reference      |         current implementation 
%        time       GFLOPS   |    time       GFLOPS     diff 
  1968 2.2566e-01 6.7552e+01    1.2721e-01 1.1984e+02 3.0695e-12
  1920 2.1208e-01 6.6746e+01    1.1996e-01 1.1800e+02 2.8422e-12
  1872 1.8576e-01 7.0633e+01    1.0970e-01 1.1960e+02 2.8990e-12
  1824 1.7377e-01 6.9843e+01    1.3390e-01 9.0643e+01 2.6148e-12
  1776 1.5081e-01 7.4288e+01    1.2385e-01 9.0464e+01 2.4443e-12
  1728 1.3351e-01 7.7293e+01    8.9802e-02 1.1492e+02 2.5580e-12
  1680 1.1748e-01 8.0725e+01    8.0691e-02 1.1753e+02 2.3874e-12
  1632 1.0749e-01 8.0878e+01    7.3216e-02 1.1874e+02 2.1032e-12
  1584 9.6869e-02 8.2056e+01    6.8954e-02 1.1528e+02 2.2169e-12
  1536 8.7011e-02 8.3297e+01    6.3935e-02 1.1336e+02 1.9895e-12
  1488 8.1318e-02 8.1031e+01    5.9439e-02 1.1086e+02 1.8758e-12
  1440 6.9854e-02 8.5492e+01    5.3842e-02 1.1092e+02 1.8758e-12
  1392 6.2017e-02 8.6983e+01    4.8510e-02 1.1120e+02 1.5916e-12
  1344 5.4588e-02 8.8947e+01    4.4005e-02 1.1034e+02 1.5916e-12
  1296 4.7963e-02 9.0770e+01    4.1256e-02 1.0553e+02 1.3074e-12
  1248 3.9700e-02 9.7923e+01    3.6871e-02 1.0544e+02 1.3074e-12
  1200 3.5997e-02 9.6009e+01    3.2287e-02 1.0704e+02 1.0800e-12
  1152 2.9241e-02 1.0457e+02    2.9137e-02 1.0494e+02 9.6634e-13
  1104 2.5265e-02 1.0652e+02    2.6067e-02 1.0324e+02 6.8212e-13
  1056 2.1836e-02 1.0786e+02    2.3108e-02 1.0192e+02 5.1159e-13
  1008 1.7576e-02 1.1654e+02    1.9408e-02 1.0554e+02 2.2737e-13
   960 1.4624e-02 1.2100e+02    1.8504e-02 9.5625e+01 1.7053e-13
   912 1.2725e-02 1.1923e+02    1.5539e-02 9.7634e+01 1.4211e-13
   864 1.0502e-02 1.2283e+02    1.2900e-02 9.9992e+01 1.1369e-13
   816 9.0781e-03 1.1970e+02    1.0760e-02 1.0099e+02 1.1369e-13
   768 7.6034e-03 1.1915e+02    9.2031e-03 9.8441e+01 1.1369e-13
   720 6.3819e-03 1.1697e+02    7.5648e-03 9.8680e+01 1.1369e-13
   672 5.3856e-03 1.1269e+02    6.7656e-03 8.9708e+01 1.4211e-13
   624 4.4387e-03 1.0948e+02    5.9162e-03 8.2137e+01 1.1369e-13
   576 3.2008e-03 1.1941e+02    4.8117e-03 7.9432e+01 1.1369e-13
   528 2.4785e-03 1.1878e+02    3.3835e-03 8.7008e+01 1.1369e-13
   480 1.9040e-03 1.1617e+02    2.5717e-03 8.6007e+01 8.5265e-14
   432 1.3582e-03 1.1872e+02    1.9096e-03 8.4440e+01 5.6843e-14
   384 9.5315e-04 1.1881e+02    1.4517e-03 7.8009e+01 7.1054e-14
   336 6.9311e-04 1.0946e+02    1.0294e-03 7.3696e+01 7.1054e-14
   288 4.4199e-04 1.0809e+02    6.5613e-04 7.2815e+01 5.6843e-14
   240 2.8305e-04 9.7679e+01    3.9326e-04 7.0305e+01 4.2633e-14
   192 6.3196e-02 2.2400e-01    2.8153e-04 5.0282e+01 2.8422e-14
   144 1.0786e-04 5.5367e+01    1.3841e-04 4.3147e+01 2.8422e-14
    96 6.1666e-05 2.8694e+01    6.1946e-05 2.8565e+01 1.0658e-14
    48 6.1144e-05 3.6174e+00    1.5099e-05 1.4649e+01 5.3291e-15
];

% Maximum difference between reference and your implementation: 3.069545e-12.
