% Number of threads = 6

% number of repeats:% 3
% enter first, last, inc:% 48 1968 48 
data = [
%  n          reference      |         current implementation 
%        time       GFLOPS   |    time       GFLOPS     diff 
  1968 2.0834e-01 7.3171e+01    1.0752e-01 1.4178e+02 3.0695e-12
  1920 1.8683e-01 7.5768e+01    1.0120e-01 1.3987e+02 2.8422e-12
  1872 1.6218e-01 8.0901e+01    9.3983e-02 1.3960e+02 2.8990e-12
  1824 1.4072e-01 8.6245e+01    8.7713e-02 1.3837e+02 2.6148e-12
  1776 1.2695e-01 8.8255e+01    8.0127e-02 1.3982e+02 2.4443e-12
  1728 1.1318e-01 9.1180e+01    7.4236e-02 1.3901e+02 2.5580e-12
  1680 1.0132e-01 9.3602e+01    6.8976e-02 1.3749e+02 2.3874e-12
  1632 9.2483e-02 9.4000e+01    6.3478e-02 1.3695e+02 2.1032e-12
  1584 8.4407e-02 9.4171e+01    5.8428e-02 1.3604e+02 2.2169e-12
  1536 7.9614e-02 9.1036e+01    5.3469e-02 1.3555e+02 1.9895e-12
  1488 7.1759e-02 9.1826e+01    4.9012e-02 1.3444e+02 1.8758e-12
  1440 6.6357e-02 8.9998e+01    4.4368e-02 1.3460e+02 1.8758e-12
  1392 6.1537e-02 8.7662e+01    4.0693e-02 1.3256e+02 1.5916e-12
  1344 5.7503e-02 8.4437e+01    3.6812e-02 1.3190e+02 1.5916e-12
  1296 5.3172e-02 8.1876e+01    3.3029e-02 1.3181e+02 1.3074e-12
  1248 4.9429e-02 7.8649e+01    2.9709e-02 1.3085e+02 1.3074e-12
  1200 4.6476e-02 7.4361e+01    2.6658e-02 1.2964e+02 1.0800e-12
  1152 4.2257e-02 7.2359e+01    2.3752e-02 1.2873e+02 9.6634e-13
  1104 3.9321e-02 6.8441e+01    2.1278e-02 1.2648e+02 6.8212e-13
  1056 3.6377e-02 6.4743e+01    1.8750e-02 1.2561e+02 5.1159e-13
  1008 3.1738e-02 6.4540e+01    1.6600e-02 1.2340e+02 2.2737e-13
   960 2.5055e-02 7.0623e+01    1.5007e-02 1.1791e+02 1.7053e-13
   912 1.8994e-02 7.9872e+01    1.3147e-02 1.1540e+02 1.4211e-13
   864 1.3922e-02 9.2658e+01    1.1283e-02 1.1433e+02 1.1369e-13
   816 1.0178e-02 1.0676e+02    9.6779e-03 1.1228e+02 1.1369e-13
   768 8.1646e-03 1.1096e+02    8.1750e-03 1.1082e+02 1.1369e-13
   720 6.0937e-03 1.2250e+02    6.8274e-03 1.0934e+02 1.1369e-13
   672 4.8407e-03 1.2538e+02    5.6817e-03 1.0682e+02 1.4211e-13
   624 3.9413e-03 1.2330e+02    4.7520e-03 1.0226e+02 1.1369e-13
   576 3.1042e-03 1.2312e+02    3.6480e-03 1.0477e+02 1.1369e-13
   528 2.3816e-03 1.2361e+02    2.9604e-03 9.9446e+01 1.1369e-13
   480 1.8077e-03 1.2236e+02    2.2359e-03 9.8923e+01 8.5265e-14
   432 1.1897e-03 1.3553e+02    1.6776e-03 9.6117e+01 5.6843e-14
   384 9.5688e-04 1.1835e+02    1.2333e-03 9.1824e+01 7.1054e-14
   336 6.6006e-04 1.1494e+02    8.4191e-04 9.0112e+01 7.1054e-14
   288 4.3269e-04 1.1042e+02    5.3636e-04 8.9073e+01 5.6843e-14
   240 2.6743e-04 1.0338e+02    3.5019e-04 7.8950e+01 4.2633e-14
   192 1.7080e-04 8.2880e+01    2.1933e-04 6.4541e+01 2.8422e-14
   144 8.2805e-05 7.2121e+01    1.0957e-04 5.4506e+01 2.8422e-14
    96 4.4343e-05 3.9904e+01    4.8361e-05 3.6589e+01 1.0658e-14
    48 2.1170e-05 1.0448e+01    1.3525e-05 1.6354e+01 5.3291e-15
];

% Maximum difference between reference and your implementation: 3.069545e-12.
