% Number of threads = 12

% number of repeats:% 3
% enter first, last, inc:% 48 1968 48 
data = [
%  n          reference      |         current implementation 
%        time       GFLOPS   |    time       GFLOPS     diff 
  1968 5.3964e-01 2.8249e+01    5.5513e-01 2.7460e+01 3.0695e-12
  1920 4.9994e-01 2.8315e+01    5.3220e-01 2.6599e+01 2.8422e-12
  1872 4.6574e-01 2.8171e+01    4.8460e-01 2.7075e+01 2.8990e-12
  1824 4.3047e-01 2.8194e+01    4.3939e-01 2.7622e+01 2.6148e-12
  1776 3.9631e-01 2.8270e+01    4.0516e-01 2.7652e+01 2.4443e-12
  1728 3.6588e-01 2.8205e+01    3.7224e-01 2.7723e+01 2.5580e-12
  1680 3.3625e-01 2.8203e+01    3.4595e-01 2.7413e+01 2.3874e-12
  1632 3.0856e-01 2.8174e+01    3.1251e-01 2.7818e+01 2.1032e-12
  1584 2.8260e-01 2.8127e+01    2.8780e-01 2.7619e+01 2.2169e-12
  1536 2.5895e-01 2.7989e+01    2.6466e-01 2.7385e+01 1.9895e-12
  1488 2.3517e-01 2.8019e+01    2.3728e-01 2.7770e+01 1.8758e-12
  1440 2.1322e-01 2.8008e+01    2.1569e-01 2.7688e+01 1.8758e-12
  1392 1.9303e-01 2.7947e+01    1.9445e-01 2.7742e+01 1.5916e-12
  1344 1.7397e-01 2.7910e+01    1.7507e-01 2.7734e+01 1.5916e-12
  1296 1.5608e-01 2.7894e+01    1.5716e-01 2.7702e+01 1.3074e-12
  1248 1.3970e-01 2.7828e+01    1.4012e-01 2.7743e+01 1.3074e-12
  1200 1.2430e-01 2.7804e+01    1.2451e-01 2.7758e+01 1.0800e-12
  1152 1.0992e-01 2.7817e+01    1.1015e-01 2.7760e+01 9.6634e-13
  1104 9.7116e-02 2.7711e+01    9.7510e-02 2.7599e+01 6.8212e-13
  1056 8.5366e-02 2.7589e+01    8.5302e-02 2.7610e+01 5.1159e-13
  1008 7.3817e-02 2.7750e+01    7.4243e-02 2.7590e+01 2.2737e-13
   960 6.4098e-02 2.7606e+01    6.4081e-02 2.7613e+01 1.7053e-13
   912 5.4937e-02 2.7615e+01    5.5128e-02 2.7520e+01 1.4211e-13
   864 4.7039e-02 2.7423e+01    4.7026e-02 2.7430e+01 1.1369e-13
   816 3.9859e-02 2.7263e+01    3.9702e-02 2.7371e+01 1.1369e-13
   768 3.3590e-02 2.6971e+01    3.2935e-02 2.7508e+01 1.1369e-13
   720 2.7717e-02 2.6932e+01    2.7197e-02 2.7447e+01 1.1369e-13
   672 2.2891e-02 2.6513e+01    2.2196e-02 2.7344e+01 1.4211e-13
   624 1.8566e-02 2.6173e+01    1.7743e-02 2.7388e+01 1.1369e-13
   576 1.4664e-02 2.6063e+01    1.4000e-02 2.7301e+01 1.1369e-13
   528 1.1371e-02 2.5891e+01    1.0707e-02 2.7496e+01 1.1369e-13
   480 8.3703e-03 2.6425e+01    7.9805e-03 2.7715e+01 8.5265e-14
   432 6.0483e-03 2.6659e+01    5.8326e-03 2.7645e+01 5.6843e-14
   384 4.1821e-03 2.7079e+01    4.0805e-03 2.7753e+01 7.1054e-14
   336 2.7998e-03 2.7097e+01    2.7393e-03 2.7696e+01 7.1054e-14
   288 1.7721e-03 2.6959e+01    1.7383e-03 2.7485e+01 5.6843e-14
   240 1.0359e-03 2.6689e+01    9.9911e-04 2.7673e+01 4.2633e-14
   192 5.3782e-04 2.6321e+01    5.1695e-04 2.7383e+01 2.8422e-14
   144 2.3283e-04 2.5650e+01    2.2231e-04 2.6864e+01 2.8422e-14
    96 7.4960e-05 2.3606e+01    6.8658e-05 2.5772e+01 1.0658e-14
    48 1.3675e-05 1.6174e+01    9.8480e-06 2.2460e+01 5.3291e-15
];

% Maximum difference between reference and your implementation: 3.069545e-12.
