% Number of threads = 12

% number of repeats:% 3
% enter first, last, inc:% 48 1968 48 
data = [
%  n          reference      |         current implementation 
%        time       GFLOPS   |    time       GFLOPS     diff 
  1968 2.2294e-01 6.8379e+01    1.4170e-01 1.0758e+02 3.0695e-12
  1920 2.1784e-01 6.4982e+01    1.2291e-01 1.1517e+02 2.8422e-12
  1872 2.2114e-01 5.9330e+01    1.1010e-01 1.1917e+02 2.8990e-12
  1824 1.7072e-01 7.1091e+01    1.0239e-01 1.1854e+02 2.6148e-12
  1776 1.5313e-01 7.3163e+01    9.0294e-02 1.2408e+02 2.4443e-12
  1728 1.3521e-01 7.6325e+01    7.8405e-02 1.3162e+02 2.5580e-12
  1680 1.1817e-01 8.0253e+01    9.4274e-02 1.0059e+02 2.3874e-12
  1632 1.0620e-01 8.1858e+01    7.8761e-02 1.1038e+02 2.1032e-12
  1584 9.5567e-02 8.3174e+01    6.5516e-02 1.2132e+02 2.2169e-12
  1536 8.3330e-02 8.6976e+01    7.8583e-02 9.2231e+01 1.9895e-12
  1488 7.7197e-02 8.5357e+01    7.6594e-02 8.6029e+01 1.8758e-12
  1440 6.7159e-02 8.8923e+01    5.1338e-02 1.1633e+02 1.8758e-12
  1392 6.2301e-02 8.6587e+01    5.8637e-02 9.1997e+01 1.5916e-12
  1344 5.4917e-02 8.8415e+01    5.0132e-02 9.6853e+01 1.5916e-12
  1296 4.7713e-02 9.1246e+01    4.2516e-02 1.0240e+02 1.3074e-12
  1248 4.2469e-02 9.1539e+01    3.6122e-02 1.0762e+02 1.3074e-12
  1200 3.5191e-02 9.8207e+01    3.0864e-02 1.1197e+02 1.0800e-12
  1152 2.9696e-02 1.0296e+02    2.7598e-02 1.1079e+02 9.6634e-13
  1104 2.5461e-02 1.0570e+02    2.5474e-02 1.0564e+02 6.8212e-13
  1056 2.1688e-02 1.0859e+02    2.1952e-02 1.0729e+02 5.1159e-13
  1008 1.8081e-02 1.1329e+02    2.5135e-02 8.1497e+01 2.2737e-13
   960 1.4569e-02 1.2146e+02    1.7387e-02 1.0177e+02 1.7053e-13
   912 1.2703e-02 1.1942e+02    2.1127e-02 7.1808e+01 1.4211e-13
   864 1.0458e-02 1.2335e+02    1.2802e-02 1.0076e+02 1.1369e-13
   816 8.9459e-03 1.2147e+02    1.2053e-02 9.0155e+01 1.1369e-13
   768 7.7612e-03 1.1673e+02    1.4280e-02 6.3445e+01 1.1369e-13
   720 7.5757e-03 9.8538e+01    6.5140e-03 1.1460e+02 1.1369e-13
   672 5.4179e-03 1.1202e+02    6.8575e-03 8.8506e+01 1.4211e-13
   624 4.3740e-03 1.1110e+02    5.9416e-03 8.1787e+01 1.1369e-13
   576 3.1976e-03 1.1953e+02    3.6435e-03 1.0490e+02 1.1369e-13
   528 2.4252e-03 1.2139e+02    3.8642e-03 7.6185e+01 1.1369e-13
   480 1.7576e-03 1.2584e+02    3.1604e-03 6.9987e+01 8.5265e-14
   432 1.3185e-03 1.2229e+02    1.5847e-03 1.0175e+02 5.6843e-14
   384 2.7253e-03 4.1554e+01    1.5315e-03 7.3945e+01 7.1054e-14
   336 6.7467e-04 1.1245e+02    1.1750e-03 6.4569e+01 7.1054e-14
   288 4.3044e-04 1.1099e+02    5.9552e-04 8.0226e+01 5.6843e-14
   240 2.8667e-04 9.6446e+01    3.9534e-04 6.9935e+01 4.2633e-14
   192 1.8589e-04 7.6152e+01    2.5500e-04 5.5514e+01 2.8422e-14
   144 1.0305e-04 5.7950e+01    1.1025e-04 5.4169e+01 2.8422e-14
    96 6.1675e-05 2.8690e+01    5.3450e-05 3.3105e+01 1.0658e-14
    48 4.7249e-05 4.6812e+00    1.8926e-05 1.1687e+01 5.3291e-15
];

% Maximum difference between reference and your implementation: 3.069545e-12.
