% Number of threads = 12

% number of repeats:% 3
% enter first, last, inc:% 48 1968 48 
data = [
%  n          reference      |         current implementation 
%        time       GFLOPS   |    time       GFLOPS     diff 
  1968 2.4402e-01 6.2471e+01    1.0478e-01 1.4549e+02 3.0695e-12
  1920 2.1685e-01 6.5280e+01    9.7086e-02 1.4581e+02 2.8422e-12
  1872 1.8081e-01 7.2565e+01    9.1653e-02 1.4315e+02 2.8990e-12
  1824 1.6983e-01 7.1466e+01    8.3777e-02 1.4487e+02 2.6148e-12
  1776 1.5339e-01 7.3042e+01    7.7193e-02 1.4514e+02 2.4443e-12
  1728 1.3475e-01 7.6585e+01    7.2240e-02 1.4285e+02 2.5580e-12
  1680 1.1783e-01 8.0485e+01    6.6782e-02 1.4200e+02 2.3874e-12
  1632 1.0850e-01 8.0124e+01    6.0499e-02 1.4369e+02 2.1032e-12
  1584 9.6722e-02 8.2180e+01    5.5880e-02 1.4225e+02 2.2169e-12
  1536 8.9068e-02 8.1373e+01    5.0524e-02 1.4345e+02 1.9895e-12
  1488 7.7698e-02 8.4806e+01    4.5909e-02 1.4353e+02 1.8758e-12
  1440 6.7519e-02 8.8449e+01    4.1830e-02 1.4277e+02 1.8758e-12
  1392 6.0257e-02 8.9524e+01    3.7808e-02 1.4268e+02 1.5916e-12
  1344 5.3611e-02 9.0567e+01    3.4380e-02 1.4123e+02 1.5916e-12
  1296 4.5110e-02 9.6511e+01    3.1020e-02 1.4035e+02 1.3074e-12
  1248 4.0256e-02 9.6569e+01    2.7383e-02 1.4197e+02 1.3074e-12
  1200 3.5050e-02 9.8602e+01    2.4561e-02 1.4071e+02 1.0800e-12
  1152 2.9188e-02 1.0476e+02    2.1827e-02 1.4009e+02 9.6634e-13
  1104 2.5003e-02 1.0763e+02    1.9140e-02 1.4060e+02 6.8212e-13
  1056 2.1266e-02 1.1075e+02    1.6854e-02 1.3974e+02 5.1159e-13
  1008 1.8175e-02 1.1270e+02    1.4901e-02 1.3747e+02 2.2737e-13
   960 1.4655e-02 1.2074e+02    1.2783e-02 1.3842e+02 1.7053e-13
   912 1.2524e-02 1.2113e+02    1.0935e-02 1.3874e+02 1.4211e-13
   864 1.0535e-02 1.2245e+02    9.7663e-03 1.3208e+02 1.1369e-13
   816 9.0634e-03 1.1990e+02    8.1792e-03 1.3286e+02 1.1369e-13
   768 7.7131e-03 1.1746e+02    6.9389e-03 1.3056e+02 1.1369e-13
   720 6.3983e-03 1.1667e+02    5.9818e-03 1.2480e+02 1.1369e-13
   672 5.3606e-03 1.1322e+02    4.4112e-03 1.3759e+02 1.4211e-13
   624 4.3800e-03 1.1095e+02    3.5200e-03 1.3805e+02 1.1369e-13
   576 3.1635e-03 1.2082e+02    2.7500e-03 1.3899e+02 1.1369e-13
   528 2.4857e-03 1.1844e+02    2.1228e-03 1.3869e+02 1.1369e-13
   480 1.7857e-03 1.2386e+02    1.6049e-03 1.3781e+02 8.5265e-14
   432 1.3508e-03 1.1937e+02    1.1809e-03 1.3654e+02 5.6843e-14
   384 9.6090e-04 1.1785e+02    8.4407e-04 1.3417e+02 7.1054e-14
   336 6.8683e-04 1.1046e+02    5.7510e-04 1.3192e+02 7.1054e-14
   288 4.1950e-04 1.1389e+02    3.7558e-04 1.2720e+02 5.6843e-14
   240 2.8788e-04 9.6040e+01    2.2732e-04 1.2163e+02 4.2633e-14
   192 1.6925e-04 8.3640e+01    1.2538e-04 1.1290e+02 2.8422e-14
   144 1.0651e-04 5.6070e+01    6.1605e-05 9.6940e+01 2.8422e-14
    96 6.5453e-05 2.7034e+01    2.3865e-05 7.4145e+01 1.0658e-14
    48 4.4413e-05 4.9802e+00    9.7280e-06 2.2737e+01 5.3291e-15
];

% Maximum difference between reference and your implementation: 3.069545e-12.
