% Number of threads = 12

% number of repeats:% 3
% enter first, last, inc:% 48 1488 48 
data = [
%  n          reference      |         current implementation 
%        time       GFLOPS   |    time       GFLOPS     diff 
  1488 9.4692e-02 6.9587e+01    2.3997e-01 2.7459e+01 1.8190e-12
  1440 6.8398e-02 8.7313e+01    2.1386e-01 2.7925e+01 1.8190e-12
  1392 6.1454e-02 8.7781e+01    2.9343e-01 1.8384e+01 1.6485e-12
  1344 5.2553e-02 9.2391e+01    2.0217e-01 2.4016e+01 1.5348e-12
  1296 4.5408e-02 9.5877e+01    1.6541e-01 2.6320e+01 1.3642e-12
  1248 3.9941e-02 9.7332e+01    1.4043e-01 2.7684e+01 1.4211e-12
  1200 3.2404e-02 1.0665e+02    1.3875e-01 2.4907e+01 1.1369e-12
  1152 2.9755e-02 1.0276e+02    1.2237e-01 2.4987e+01 9.6634e-13
  1104 2.4550e-02 1.0962e+02    1.1260e-01 2.3901e+01 6.8212e-13
  1056 2.1452e-02 1.0979e+02    9.7188e-02 2.4233e+01 5.1159e-13
  1008 1.8008e-02 1.1375e+02    1.2143e-01 1.6869e+01 2.2737e-13
   960 1.4778e-02 1.1974e+02    7.3232e-02 2.4163e+01 1.7053e-13
   912 1.2623e-02 1.2019e+02    6.3869e-02 2.3753e+01 1.1369e-13
   864 1.0553e-02 1.2223e+02    5.2924e-02 2.4374e+01 1.1369e-13
   816 9.1154e-03 1.1921e+02    5.0447e-02 2.1541e+01 1.4211e-13
   768 7.7641e-03 1.1669e+02    3.6609e-02 2.4747e+01 1.4211e-13
   720 9.6213e-03 7.7588e+01    3.0807e-02 2.4231e+01 1.1369e-13
   672 5.4952e-03 1.1045e+02    2.7064e-02 2.2426e+01 1.1369e-13
   624 4.0844e-03 1.1897e+02    2.2023e-02 2.2065e+01 1.1369e-13
   576 3.2108e-03 1.1904e+02    1.7659e-02 2.1644e+01 1.7053e-13
   528 2.6436e-03 1.1136e+02    1.4248e-02 2.0662e+01 1.1369e-13
   480 1.8263e-03 1.2111e+02    9.4572e-03 2.3388e+01 1.1369e-13
   432 1.2987e-03 1.2416e+02    7.2461e-03 2.2252e+01 5.6843e-14
   384 9.5575e-04 1.1849e+02    5.2966e-03 2.1381e+01 5.6843e-14
   336 6.3227e-04 1.1999e+02    3.8649e-03 1.9629e+01 5.6843e-14
   288 4.4121e-04 1.0828e+02    2.6680e-03 1.7907e+01 7.1054e-14
   240 2.8110e-04 9.8358e+01    1.2607e-03 2.1931e+01 4.2633e-14
   192 1.8464e-04 7.6669e+01    7.2254e-04 1.9592e+01 2.8422e-14
   144 1.1483e-04 5.2009e+01    3.6505e-04 1.6359e+01 2.8422e-14
    96 6.7145e-05 2.6353e+01    1.9741e-04 8.9634e+00 1.0658e-14
    48 4.5395e-05 4.8724e+00    5.0695e-05 4.3630e+00 5.3291e-15
];

% Maximum difference between reference and your implementation: 1.818989e-12.
