% Number of threads = 12

% number of repeats:% 3
% enter first, last, inc:% 48 1968 48 
data = [
%  n          reference      |         current implementation 
%        time       GFLOPS   |    time       GFLOPS     diff 
  1968 5.4482e-01 2.7980e+01    5.6051e-01 2.7197e+01 3.0695e-12
  1920 5.0031e-01 2.8294e+01    5.1820e-01 2.7317e+01 2.8422e-12
  1872 4.6382e-01 2.8288e+01    4.8672e-01 2.6957e+01 2.8990e-12
  1824 4.3016e-01 2.8215e+01    4.4678e-01 2.7165e+01 2.6148e-12
  1776 3.9797e-01 2.8152e+01    4.1273e-01 2.7145e+01 2.4443e-12
  1728 3.6564e-01 2.8224e+01    3.7642e-01 2.7415e+01 2.5580e-12
  1680 3.4231e-01 2.7704e+01    3.5191e-01 2.6948e+01 2.3874e-12
  1632 3.0972e-01 2.8069e+01    3.1913e-01 2.7241e+01 2.1032e-12
  1584 2.8381e-01 2.8008e+01    2.9500e-01 2.6945e+01 2.2169e-12
  1536 2.5880e-01 2.8005e+01    2.6913e-01 2.6930e+01 1.9895e-12
  1488 2.3534e-01 2.7999e+01    2.3892e-01 2.7580e+01 1.8758e-12
  1440 2.1392e-01 2.7916e+01    2.1626e-01 2.7615e+01 1.8758e-12
  1392 1.9388e-01 2.7824e+01    1.9674e-01 2.7420e+01 1.5916e-12
  1344 1.7526e-01 2.7704e+01    1.7686e-01 2.7454e+01 1.5916e-12
  1296 1.5722e-01 2.7692e+01    1.6537e-01 2.6326e+01 1.3074e-12
  1248 1.4006e-01 2.7757e+01    1.3987e-01 2.7793e+01 1.3074e-12
  1200 1.2457e-01 2.7743e+01    1.2497e-01 2.7655e+01 1.0800e-12
  1152 1.1065e-01 2.7633e+01    1.1072e-01 2.7617e+01 9.6634e-13
  1104 9.7555e-02 2.7586e+01    9.7372e-02 2.7638e+01 6.8212e-13
  1056 8.8455e-02 2.6625e+01    8.6157e-02 2.7336e+01 5.1159e-13
  1008 7.3948e-02 2.7700e+01    7.5831e-02 2.7013e+01 2.2737e-13
   960 6.5411e-02 2.7051e+01    6.4274e-02 2.7530e+01 1.7053e-13
   912 5.5323e-02 2.7423e+01    5.8627e-02 2.5877e+01 1.4211e-13
   864 4.7141e-02 2.7363e+01    4.8916e-02 2.6371e+01 1.1369e-13
   816 4.0395e-02 2.6901e+01    3.9794e-02 2.7308e+01 1.1369e-13
   768 3.3765e-02 2.6832e+01    3.2966e-02 2.7482e+01 1.1369e-13
   720 2.7757e-02 2.6894e+01    2.7200e-02 2.7445e+01 1.1369e-13
   672 2.3462e-02 2.5869e+01    2.2587e-02 2.6870e+01 1.4211e-13
   624 1.8479e-02 2.6297e+01    1.7686e-02 2.7476e+01 1.1369e-13
   576 1.5083e-02 2.5341e+01    1.4434e-02 2.6480e+01 1.1369e-13
   528 1.1851e-02 2.4841e+01    1.1341e-02 2.5959e+01 1.1369e-13
   480 9.1634e-03 2.4138e+01    8.2412e-03 2.6839e+01 8.5265e-14
   432 6.2301e-03 2.5881e+01    5.9118e-03 2.7275e+01 5.6843e-14
   384 4.2980e-03 2.6349e+01    4.0939e-03 2.7662e+01 7.1054e-14
   336 2.8175e-03 2.6927e+01    2.7492e-03 2.7595e+01 7.1054e-14
   288 1.7754e-03 2.6910e+01    1.7349e-03 2.7538e+01 5.6843e-14
   240 1.0285e-03 2.6882e+01    9.9673e-04 2.7739e+01 4.2633e-14
   192 5.3961e-04 2.6233e+01    5.1409e-04 2.7535e+01 2.8422e-14
   144 2.3291e-04 2.5641e+01    2.2145e-04 2.6968e+01 2.8422e-14
    96 7.5081e-05 2.3568e+01    6.7867e-05 2.6073e+01 1.0658e-14
    48 1.3806e-05 1.6021e+01    9.6480e-06 2.2925e+01 5.3291e-15
];

% Maximum difference between reference and your implementation: 3.069545e-12.
