% number of repeats:% 3
% enter first, last, inc:% 48 1488 48 
data = [
%  n          reference      |         current implementation 
%        time       GFLOPS   |    time       GFLOPS     diff 
  1488 8.1121e-02 8.1228e+01    3.0809e+00 2.1387e+00 1.8190e-12
  1440 7.2170e-02 8.2748e+01    2.7364e+00 2.1824e+00 1.8758e-12
  1392 9.4878e-02 5.6857e+01    2.5043e+00 2.1541e+00 1.5916e-12
  1344 1.5105e-01 3.2145e+01    2.5367e+00 1.9141e+00 1.5348e-12
  1296 5.2559e-02 8.2832e+01    1.8775e+00 2.3188e+00 1.3642e-12
  1248 6.7751e-02 5.7380e+01    1.6867e+00 2.3048e+00 1.4211e-12
  1200 3.4761e-02 9.9423e+01    1.4854e+00 2.3267e+00 1.1369e-12
  1152 3.0261e-02 1.0104e+02    1.5447e+00 1.9794e+00 9.6634e-13
  1104 2.6846e-02 1.0024e+02    1.1485e+00 2.3432e+00 6.8212e-13
  1056 2.1805e-02 1.0801e+02    1.0185e+00 2.3124e+00 5.1159e-13
  1008 2.0872e-02 9.8141e+01    1.1139e+00 1.8389e+00 2.2737e-13
   960 1.4249e-02 1.2419e+02    1.0209e+00 1.7332e+00 1.9895e-13
   912 1.2412e-02 1.2223e+02    8.3250e-01 1.8223e+00 1.7053e-13
   864 1.5004e-02 8.5974e+01    6.5896e-01 1.9575e+00 1.9895e-13
   816 5.6987e-02 1.9069e+01    4.6283e-01 2.3479e+00 1.4211e-13
   768 5.4849e-02 1.6518e+01    4.0655e-01 2.2285e+00 1.7053e-13
   720 6.5294e-02 1.1433e+01    3.2355e-01 2.3072e+00 1.4211e-13
   672 4.9277e-02 1.2317e+01    2.5771e-01 2.3550e+00 1.7053e-13
   624 4.7452e-02 1.0241e+01    2.0479e-01 2.3729e+00 1.4211e-13
   576 6.2274e-02 6.1375e+00    1.6317e-01 2.3423e+00 1.7053e-13
   528 6.3759e-02 4.6173e+00    1.2665e-01 2.3245e+00 1.4211e-13
   480 7.0906e-02 3.1194e+00    9.1832e-02 2.4086e+00 1.1369e-13
   432 6.8596e-02 2.3506e+00    6.6608e-02 2.4208e+00 7.1054e-14
   384 5.3894e-02 2.1013e+00    4.7421e-02 2.3881e+00 7.1054e-14
   336 6.6503e-02 1.1408e+00    3.1371e-02 2.4184e+00 5.6843e-14
   288 8.4067e-02 5.6831e-01    1.9574e-02 2.4407e+00 8.5265e-14
   240 3.7504e-02 7.3719e-01    1.1351e-02 2.4357e+00 4.2633e-14
   192 6.2715e-02 2.2572e-01    5.6855e-03 2.4898e+00 3.5527e-14
   144 5.1987e-02 1.1487e-01    2.7596e-03 2.1641e+00 2.8422e-14
    96 5.2984e-02 3.3396e-02    8.1817e-04 2.1627e+00 1.4211e-14
    48 6.4495e-02 3.4295e-03    8.8536e-05 2.4982e+00 7.1054e-15
];

% Maximum difference between reference and your implementation: 1.875833e-12.
