% number of repeats:% 3
% enter first, last, inc:% 48 480 48 
data = [
%  n          reference      |         current implementation 
%        time       GFLOPS   |    time       GFLOPS     diff 
   480 1.8465e-03 1.1979e+02    1.3201e-01 1.6755e+00 1.1369e-13
   432 1.3822e-03 1.1666e+02    9.6130e-02 1.6773e+00 7.1054e-14
   384 9.3946e-04 1.2054e+02    6.8394e-02 1.6558e+00 7.1054e-14
   336 6.3723e-04 1.1906e+02    4.5233e-02 1.6772e+00 7.1054e-14
   288 4.4457e-04 1.0746e+02    2.8469e-02 1.6782e+00 5.6843e-14
   240 5.1128e-04 5.4076e+01    1.6480e-02 1.6777e+00 4.2633e-14
   192 1.7595e-04 8.0454e+01    8.4481e-03 1.6756e+00 2.8422e-14
   144 1.1019e-04 5.4198e+01    3.5637e-03 1.6758e+00 2.8422e-14
    96 1.1512e-04 1.5371e+01    1.3559e-03 1.3050e+00 1.4211e-14
    48 4.2119e-05 5.2514e+00    1.7167e-04 1.2884e+00 7.1054e-15
];

% Maximum difference between reference and your implementation: 1.136868e-13.
