% number of repeats:% 3
% enter first, last, inc:% 48 1488 48 
data = [
%  n          reference      |         current implementation 
%        time       GFLOPS   |    time       GFLOPS     diff 
  1488 8.2206e-02 8.0156e+01    5.0428e-01 1.3067e+01 1.8190e-12
  1440 1.4410e-01 4.1443e+01    5.1171e-01 1.1671e+01 1.8190e-12
  1392 1.5074e-01 3.5786e+01    3.5900e-01 1.5026e+01 1.6485e-12
  1344 5.6244e-02 8.6328e+01    4.1284e-01 1.1761e+01 1.5348e-12
  1296 5.4114e-02 8.0452e+01    3.0099e-01 1.4464e+01 1.3642e-12
  1248 4.2285e-02 9.1937e+01    3.2022e-01 1.2140e+01 1.4211e-12
  1200 3.6266e-02 9.5295e+01    2.3196e-01 1.4899e+01 1.1369e-12
  1152 3.0437e-02 1.0046e+02    2.3284e-01 1.3132e+01 9.6634e-13
  1104 3.3355e-02 8.0682e+01    1.6964e-01 1.5864e+01 6.8212e-13
  1056 2.7486e-02 8.5687e+01    1.4077e-01 1.6731e+01 5.1159e-13
  1008 1.8147e-02 1.1288e+02    1.5396e-01 1.3305e+01 2.2737e-13
   960 1.4826e-02 1.1935e+02    1.0877e-01 1.6268e+01 1.7053e-13
   912 1.2497e-02 1.2140e+02    6.5085e-02 2.3310e+01 1.1369e-13
   864 1.0373e-02 1.2436e+02    4.9954e-02 2.5823e+01 1.1369e-13
   816 1.1169e-02 9.7298e+01    4.1104e-02 2.6437e+01 1.4211e-13
   768 1.9185e-02 4.7223e+01    3.7415e-02 2.4214e+01 1.4211e-13
   720 8.0013e-03 9.3296e+01    2.7840e-02 2.6814e+01 1.1369e-13
   672 5.0029e-03 1.2132e+02    2.2404e-02 2.7091e+01 1.1369e-13
   624 4.0961e-03 1.1863e+02    1.8066e-02 2.6899e+01 1.1369e-13
   576 3.1005e-03 1.2327e+02    1.4268e-02 2.6788e+01 1.7053e-13
   528 9.2465e-03 3.1839e+01    1.1027e-02 2.6698e+01 1.1369e-13
   480 1.8278e-03 1.2101e+02    8.2507e-03 2.6808e+01 1.1369e-13
   432 1.2760e-03 1.2637e+02    6.1602e-03 2.6175e+01 5.6843e-14
   384 1.7333e-03 6.5337e+01    4.3403e-03 2.6092e+01 5.6843e-14
   336 6.6701e-04 1.1374e+02    3.1629e-03 2.3986e+01 5.6843e-14
   288 4.3909e-04 1.0881e+02    2.3151e-03 2.0637e+01 7.1054e-14
   240 2.9340e-04 9.4233e+01    1.3374e-03 2.0673e+01 4.2633e-14
   192 1.7457e-04 8.1091e+01    6.2717e-04 2.2571e+01 2.8422e-14
   144 1.4564e-02 4.1005e-01    2.7732e-04 2.1535e+01 2.8422e-14
    96 6.0914e-05 2.9049e+01    8.3336e-05 2.1233e+01 1.0658e-14
    48 4.5545e-05 4.8564e+00    1.1041e-05 2.0033e+01 5.3291e-15
];

% Maximum difference between reference and your implementation: 1.818989e-12.
