% number of repeats:% 3
% enter first, last, inc:% 48 1488 48 
data = [
%  n          reference      |         current implementation 
%        time       GFLOPS   |    time       GFLOPS     diff 
  1488 8.2673e-02 7.9703e+01    6.0299e-01 1.0928e+01 1.8190e-12
  1440 7.4925e-02 7.9706e+01    5.6592e-01 1.0553e+01 1.8190e-12
  1392 7.4385e-02 7.2521e+01    5.0130e-01 1.0761e+01 1.6485e-12
  1344 5.3381e-02 9.0958e+01    4.5851e-01 1.0590e+01 1.5348e-12
  1296 5.6819e-02 7.6622e+01    3.7768e-01 1.1527e+01 1.3642e-12
  1248 4.0657e-02 9.5619e+01    3.5326e-01 1.1005e+01 1.4211e-12
  1200 4.7249e-02 7.3144e+01    3.0202e-01 1.1443e+01 1.1369e-12
  1152 2.8877e-02 1.0588e+02    2.7235e-01 1.1227e+01 9.6634e-13
  1104 2.5480e-02 1.0562e+02    2.0683e-01 1.3011e+01 6.8212e-13
  1056 2.1599e-02 1.0904e+02    1.5685e-01 1.5016e+01 5.1159e-13
  1008 1.7932e-02 1.1423e+02    1.2979e-01 1.5783e+01 2.2737e-13
   960 1.5046e-02 1.1760e+02    8.8643e-02 1.9962e+01 1.7053e-13
   912 1.2800e-02 1.1852e+02    5.5842e-02 2.7168e+01 1.1369e-13
   864 1.0641e-02 1.2122e+02    4.5982e-02 2.8053e+01 1.1369e-13
   816 8.9748e-03 1.2108e+02    3.8351e-02 2.8335e+01 1.4211e-13
   768 7.6449e-03 1.1851e+02    3.3827e-02 2.6783e+01 1.4211e-13
   720 6.3923e-03 1.1678e+02    2.6441e-02 2.8232e+01 1.1369e-13
   672 5.3414e-03 1.1363e+02    2.1332e-02 2.8451e+01 1.1369e-13
   624 4.0877e-03 1.1888e+02    1.7049e-02 2.8503e+01 1.1369e-13
   576 3.2484e-03 1.1766e+02    1.3478e-02 2.8359e+01 1.7053e-13
   528 2.4569e-03 1.1982e+02    1.0318e-02 2.8534e+01 1.1369e-13
   480 1.8262e-03 1.2112e+02    7.7343e-03 2.8598e+01 1.1369e-13
   432 1.3464e-03 1.1976e+02    5.6445e-03 2.8567e+01 5.6843e-14
   384 9.5200e-04 1.1896e+02    3.9936e-03 2.8357e+01 5.6843e-14
   336 7.0015e-04 1.0836e+02    2.9702e-03 2.5543e+01 5.6843e-14
   288 4.5498e-04 1.0501e+02    2.0140e-03 2.3722e+01 7.1054e-14
   240 2.9380e-04 9.4105e+01    1.1698e-03 2.3635e+01 4.2633e-14
   192 1.8249e-04 7.7570e+01    5.9583e-04 2.3758e+01 2.8422e-14
   144 1.1149e-04 5.3566e+01    2.5476e-04 2.3442e+01 2.8422e-14
    96 6.9099e-05 2.5608e+01    7.6583e-05 2.3105e+01 1.0658e-14
    48 5.6766e-05 3.8964e+00    9.9090e-06 2.2322e+01 5.3291e-15
];

% Maximum difference between reference and your implementation: 1.818989e-12.
