% number of repeats:% 3
% enter first, last, inc:% 48 1488 48 
data = [
%  n          reference      |         current implementation 
%        time       GFLOPS   |    time       GFLOPS     diff 
  1488 7.4549e-02 8.8389e+01    5.0323e-01 1.3094e+01 1.8190e-12
  1440 7.3900e-02 8.0811e+01    5.9910e-01 9.9682e+00 1.8190e-12
  1392 6.2669e-02 8.6079e+01    4.4398e-01 1.2150e+01 1.6485e-12
  1344 5.6319e-02 8.6213e+01    5.3584e-01 9.0613e+00 1.5348e-12
  1296 4.7898e-02 9.0893e+01    3.6219e-01 1.2020e+01 1.3642e-12
  1248 4.1224e-02 9.4302e+01    3.7528e-01 1.0359e+01 1.4211e-12
  1200 3.5887e-02 9.6301e+01    2.7649e-01 1.2500e+01 1.1369e-12
  1152 3.0550e-02 1.0009e+02    3.0753e-01 9.9425e+00 9.6634e-13
  1104 2.5458e-02 1.0571e+02    1.8222e-01 1.4769e+01 6.8212e-13
  1056 2.1804e-02 1.0801e+02    1.5234e-01 1.5460e+01 5.1159e-13
  1008 1.7657e-02 1.1601e+02    1.6224e-01 1.2626e+01 2.2737e-13
   960 1.4944e-02 1.1841e+02    1.6268e-01 1.0877e+01 1.7053e-13
   912 1.2664e-02 1.1980e+02    9.8716e-02 1.5368e+01 1.1369e-13
   864 1.0623e-02 1.2143e+02    7.2589e-02 1.7771e+01 1.1369e-13
   816 8.9601e-03 1.2128e+02    5.8003e-02 1.8735e+01 1.4211e-13
   768 7.7925e-03 1.1626e+02    6.3022e-02 1.4375e+01 1.4211e-13
   720 6.4048e-03 1.1655e+02    4.0091e-02 1.8620e+01 1.1369e-13
   672 5.0596e-03 1.1996e+02    3.2428e-02 1.8716e+01 1.1369e-13
   624 4.0711e-03 1.1936e+02    2.6084e-02 1.8630e+01 1.1369e-13
   576 3.1379e-03 1.2180e+02    2.0726e-02 1.8441e+01 1.7053e-13
   528 2.4582e-03 1.1976e+02    1.5499e-02 1.8994e+01 1.1369e-13
   480 1.7811e-03 1.2418e+02    1.1525e-02 1.9191e+01 1.1369e-13
   432 1.3234e-03 1.2184e+02    8.4423e-03 1.9100e+01 5.6843e-14
   384 9.6012e-04 1.1795e+02    6.6749e-03 1.6966e+01 5.6843e-14
   336 6.8003e-04 1.1156e+02    3.9634e-03 1.9141e+01 5.6843e-14
   288 4.4364e-04 1.0769e+02    2.8160e-03 1.6966e+01 7.1054e-14
   240 3.1381e-04 8.8105e+01    2.0283e-03 1.3631e+01 4.2633e-14
   192 1.6972e-04 8.3408e+01    1.0221e-03 1.3850e+01 2.8422e-14
   144 9.7022e-05 6.1553e+01    3.7606e-04 1.5880e+01 2.8422e-14
    96 9.8544e-05 1.7956e+01    1.1400e-04 1.5521e+01 1.0658e-14
    48 4.1568e-05 5.3210e+00    1.4467e-05 1.5289e+01 5.3291e-15
];

% Maximum difference between reference and your implementation: 1.818989e-12.
