% number of repeats:% 3
% enter first, last, inc:% 48 1488 48 
data = [
%  n          reference      |         current implementation 
%        time       GFLOPS   |    time       GFLOPS     diff 
  1488 2.3862e-01 2.7614e+01    1.2560e+00 5.2461e+00 1.8190e-12
  1440 2.1995e-01 2.7151e+01    1.1683e+00 5.1119e+00 1.8758e-12
  1392 1.9527e-01 2.7626e+01    1.0724e+00 5.0301e+00 1.5916e-12
  1344 1.7608e-01 2.7575e+01    9.1346e-01 5.3154e+00 1.5348e-12
  1296 1.6371e-01 2.6593e+01    8.2754e-01 5.2609e+00 1.3642e-12
  1248 1.4160e-01 2.7455e+01    7.3698e-01 5.2749e+00 1.4211e-12
  1200 1.2613e-01 2.7400e+01    6.5865e-01 5.2471e+00 1.1369e-12
  1152 1.1174e-01 2.7364e+01    5.9144e-01 5.1698e+00 9.6634e-13
  1104 9.8815e-02 2.7234e+01    5.0412e-01 5.3383e+00 6.8212e-13
  1056 8.7074e-02 2.7048e+01    4.4454e-01 5.2980e+00 5.1159e-13
  1008 7.4570e-02 2.7469e+01    3.7845e-01 5.4125e+00 2.2737e-13
   960 6.4706e-02 2.7346e+01    3.3156e-01 5.3368e+00 1.9895e-13
   912 5.5306e-02 2.7431e+01    2.9139e-01 5.2065e+00 1.7053e-13
   864 4.7100e-02 2.7387e+01    2.3403e-01 5.5118e+00 1.9895e-13
   816 3.9786e-02 2.7313e+01    1.9933e-01 5.4517e+00 1.4211e-13
   768 3.3455e-02 2.7080e+01    1.6948e-01 5.3456e+00 1.7053e-13
   720 2.7903e-02 2.6753e+01    1.3746e-01 5.4305e+00 1.4211e-13
   672 2.3061e-02 2.6319e+01    1.0997e-01 5.5192e+00 1.7053e-13
   624 1.8194e-02 2.6709e+01    9.0030e-02 5.3976e+00 1.4211e-13
   576 1.4559e-02 2.6253e+01    7.2510e-02 5.2711e+00 1.7053e-13
   528 1.1243e-02 2.6185e+01    5.4469e-02 5.4049e+00 1.4211e-13
   480 8.4567e-03 2.6155e+01    4.0585e-02 5.4499e+00 1.1369e-13
   432 6.1091e-03 2.6394e+01    2.9183e-02 5.5252e+00 7.1054e-14
   384 4.2595e-03 2.6587e+01    2.1350e-02 5.3042e+00 7.1054e-14
   336 2.8665e-03 2.6466e+01    1.3926e-02 5.4479e+00 5.6843e-14
   288 1.8131e-03 2.6351e+01    8.8528e-03 5.3967e+00 8.5265e-14
   240 1.0431e-03 2.6505e+01    4.9544e-03 5.5804e+00 4.2633e-14
   192 5.3840e-04 2.6292e+01    2.6380e-03 5.3662e+00 3.5527e-14
   144 2.3339e-04 2.5588e+01    1.0453e-03 5.7129e+00 2.8422e-14
    96 7.5031e-05 2.3583e+01    3.1943e-04 5.5395e+00 1.4211e-14
    48 1.3706e-05 1.6138e+01    3.2892e-05 6.7246e+00 7.1054e-15
];

% Maximum difference between reference and your implementation: 1.875833e-12.
