% number of repeats:% 3
% enter first, last, inc:% 48 480 48 
data = [
%  n          reference      |         current implementation 
%        time       GFLOPS   |    time       GFLOPS     diff 
   480 2.1201e-03 1.0433e+02    1.2094e-01 1.8288e+00 1.1369e-13
   432 1.3272e-03 1.2149e+02    8.8052e-02 1.8312e+00 7.1054e-14
   384 9.4127e-04 1.2031e+02    6.3012e-02 1.7972e+00 7.1054e-14
   336 6.9907e-04 1.0852e+02    4.1451e-02 1.8303e+00 7.1054e-14
   288 4.5046e-04 1.0606e+02    2.6251e-02 1.8199e+00 5.6843e-14
   240 2.8126e-04 9.8302e+01    1.5282e-02 1.8092e+00 4.2633e-14
   192 1.8742e-04 7.5529e+01    7.8343e-03 1.8069e+00 2.8422e-14
   144 1.0227e-04 5.8394e+01    3.2773e-03 1.8222e+00 2.8422e-14
    96 1.0429e-04 1.6968e+01    1.0276e-03 1.7219e+00 1.4211e-14
    48 7.0465e-03 3.1389e-02    1.6174e-04 1.3675e+00 7.1054e-15
];

% Maximum difference between reference and your implementation: 1.136868e-13.
