% number of repeats:% 3
% enter first, last, inc:% 48 1488 48 
data = [
%  n          reference      |         current implementation 
%        time       GFLOPS   |    time       GFLOPS     diff 
  1488 2.4704e-01 2.6673e+01    7.2491e-01 9.0898e+00 1.8190e-12
  1440 2.1639e-01 2.7598e+01    6.6431e-01 8.9898e+00 1.8190e-12
  1392 1.9537e-01 2.7612e+01    6.0867e-01 8.8627e+00 1.6485e-12
  1344 1.8806e-01 2.5819e+01    5.6882e-01 8.5359e+00 1.5348e-12
  1296 1.6281e-01 2.6740e+01    5.0525e-01 8.6167e+00 1.3642e-12
  1248 1.4231e-01 2.7317e+01    4.2966e-01 9.0478e+00 1.4211e-12
  1200 1.2717e-01 2.7177e+01    3.7577e-01 9.1972e+00 1.1369e-12
  1152 1.1290e-01 2.7083e+01    3.2324e-01 9.4594e+00 9.6634e-13
  1104 1.0035e-01 2.6817e+01    2.5730e-01 1.0459e+01 6.8212e-13
  1056 8.9605e-02 2.6284e+01    2.0828e-01 1.1308e+01 5.1159e-13
  1008 8.1774e-02 2.5049e+01    1.7041e-01 1.2021e+01 2.2737e-13
   960 6.5713e-02 2.6927e+01    1.3433e-01 1.3172e+01 1.7053e-13
   912 5.6319e-02 2.6938e+01    1.0991e-01 1.3803e+01 1.1369e-13
   864 4.8515e-02 2.6588e+01    9.3632e-02 1.3777e+01 1.1369e-13
   816 4.1272e-02 2.6329e+01    5.6638e-02 1.9186e+01 1.4211e-13
   768 3.3856e-02 2.6760e+01    5.1176e-02 1.7703e+01 1.4211e-13
   720 2.8849e-02 2.5876e+01    3.5434e-02 2.1067e+01 1.1369e-13
   672 2.2938e-02 2.6460e+01    2.8028e-02 2.1654e+01 1.1369e-13
   624 1.8983e-02 2.5598e+01    2.3190e-02 2.0954e+01 1.1369e-13
   576 1.5593e-02 2.4511e+01    1.7542e-02 2.1788e+01 1.7053e-13
   528 1.1579e-02 2.5424e+01    1.3613e-02 2.1626e+01 1.1369e-13
   480 8.7823e-03 2.5185e+01    9.5216e-03 2.3230e+01 1.1369e-13
   432 6.2768e-03 2.5689e+01    6.8448e-03 2.3557e+01 5.6843e-14
   384 4.4361e-03 2.5528e+01    5.0220e-03 2.2550e+01 5.6843e-14
   336 2.9709e-03 2.5537e+01    3.1530e-03 2.4062e+01 5.6843e-14
   288 1.7907e-03 2.6680e+01    1.9343e-03 2.4699e+01 7.1054e-14
   240 1.0393e-03 2.6603e+01    1.1198e-03 2.4691e+01 4.2633e-14
   192 5.3865e-04 2.6280e+01    5.4331e-04 2.6055e+01 2.8422e-14
   144 2.3359e-04 2.5566e+01    2.1121e-04 2.8276e+01 2.8422e-14
    96 7.4790e-05 2.3659e+01    6.3700e-05 2.7778e+01 1.0658e-14
    48 1.3495e-05 1.6390e+01    8.4660e-06 2.6126e+01 5.3291e-15
];

% Maximum difference between reference and your implementation: 1.818989e-12.
