% number of repeats:% 3
% enter first, last, inc:% 48 1488 48 
data = [
%  n          reference      |         current implementation 
%        time       GFLOPS   |    time       GFLOPS     diff 
  1488 2.3629e-01 2.7886e+01    2.8457e-01 2.3155e+01 1.8190e-12
  1440 2.1473e-01 2.7812e+01    2.6265e-01 2.2737e+01 1.8190e-12
  1392 1.9486e-01 2.7684e+01    2.3727e-01 2.2735e+01 1.6485e-12
  1344 1.7589e-01 2.7605e+01    2.0645e-01 2.3519e+01 1.5348e-12
  1296 1.5658e-01 2.7804e+01    1.8513e-01 2.3516e+01 1.3642e-12
  1248 1.3973e-01 2.7822e+01    1.6604e-01 2.3413e+01 1.4211e-12
  1200 1.2480e-01 2.7692e+01    1.4706e-01 2.3501e+01 1.1369e-12
  1152 1.1047e-01 2.7679e+01    1.2958e-01 2.3596e+01 9.6634e-13
  1104 9.7370e-02 2.7638e+01    1.1324e-01 2.3764e+01 6.8212e-13
  1056 8.5613e-02 2.7510e+01    9.9362e-02 2.3703e+01 5.1159e-13
  1008 7.3964e-02 2.7694e+01    8.6279e-02 2.3742e+01 2.2737e-13
   960 6.4025e-02 2.7637e+01    7.3927e-02 2.3936e+01 1.7053e-13
   912 5.5122e-02 2.7523e+01    6.3101e-02 2.4042e+01 1.1369e-13
   864 4.7009e-02 2.7440e+01    5.3032e-02 2.4324e+01 1.1369e-13
   816 3.9763e-02 2.7329e+01    4.4338e-02 2.4509e+01 1.4211e-13
   768 3.3304e-02 2.7203e+01    3.6641e-02 2.4725e+01 1.4211e-13
   720 2.7537e-02 2.7109e+01    2.9781e-02 2.5066e+01 1.1369e-13
   672 2.2535e-02 2.6933e+01    2.4109e-02 2.5174e+01 1.1369e-13
   624 1.8198e-02 2.6703e+01    1.9241e-02 2.5255e+01 1.1369e-13
   576 1.4444e-02 2.6461e+01    1.5161e-02 2.5209e+01 1.7053e-13
   528 1.1227e-02 2.6222e+01    1.1639e-02 2.5295e+01 1.1369e-13
   480 8.5214e-03 2.5956e+01    8.7485e-03 2.5282e+01 1.1369e-13
   432 6.2829e-03 2.5664e+01    6.3933e-03 2.5221e+01 5.6843e-14
   384 4.4718e-03 2.5325e+01    4.5063e-03 2.5131e+01 5.6843e-14
   336 3.0238e-03 2.5090e+01    3.0343e-03 2.5003e+01 5.6843e-14
   288 1.9007e-03 2.5136e+01    1.9076e-03 2.5046e+01 7.1054e-14
   240 1.0780e-03 2.5648e+01    1.0944e-03 2.5263e+01 4.2633e-14
   192 5.4125e-04 2.6154e+01    5.5534e-04 2.5490e+01 2.8422e-14
   144 2.3485e-04 2.5429e+01    2.3234e-04 2.5703e+01 2.8422e-14
    96 7.6363e-05 2.3172e+01    6.9540e-05 2.5445e+01 1.0658e-14
    48 1.4517e-05 1.5236e+01    8.9270e-06 2.4777e+01 5.3291e-15
];

% Maximum difference between reference and your implementation: 1.818989e-12.
