% number of repeats:% 3
% enter first, last, inc:% 48 1488 48 
data = [
%  n          reference      |         current implementation 
%        time       GFLOPS   |    time       GFLOPS     diff 
  1488 2.3861e-01 2.7615e+01    2.5980e-01 2.5363e+01 1.8190e-12
  1440 2.1489e-01 2.7790e+01    2.3856e-01 2.5033e+01 1.8190e-12
  1392 1.9584e-01 2.7546e+01    2.1333e-01 2.5287e+01 1.6485e-12
  1344 1.7461e-01 2.7807e+01    1.9043e-01 2.5497e+01 1.5348e-12
  1296 1.5646e-01 2.7826e+01    1.7255e-01 2.5231e+01 1.3642e-12
  1248 1.3994e-01 2.7780e+01    1.5519e-01 2.5051e+01 1.4211e-12
  1200 1.2484e-01 2.7684e+01    1.3621e-01 2.5373e+01 1.1369e-12
  1152 1.1045e-01 2.7683e+01    1.2042e-01 2.5392e+01 9.6634e-13
  1104 9.7238e-02 2.7676e+01    1.0657e-01 2.5253e+01 6.8212e-13
  1056 8.5625e-02 2.7506e+01    9.3503e-02 2.5188e+01 5.1159e-13
  1008 7.3742e-02 2.7778e+01    8.1543e-02 2.5120e+01 2.2737e-13
   960 6.4049e-02 2.7627e+01    6.9615e-02 2.5418e+01 1.7053e-13
   912 5.5045e-02 2.7561e+01    5.9353e-02 2.5561e+01 1.1369e-13
   864 4.6879e-02 2.7517e+01    5.0083e-02 2.5756e+01 1.1369e-13
   816 4.2125e-02 2.5796e+01    4.4665e-02 2.4330e+01 1.4211e-13
   768 3.3357e-02 2.7160e+01    3.4665e-02 2.6135e+01 1.4211e-13
   720 2.7536e-02 2.7110e+01    2.8656e-02 2.6050e+01 1.1369e-13
   672 2.2486e-02 2.6991e+01    2.3242e-02 2.6114e+01 1.1369e-13
   624 1.8085e-02 2.6870e+01    1.8640e-02 2.6070e+01 1.1369e-13
   576 1.4275e-02 2.6774e+01    1.4684e-02 2.6029e+01 1.7053e-13
   528 1.1024e-02 2.6705e+01    1.1282e-02 2.6094e+01 1.1369e-13
   480 8.3048e-03 2.6633e+01    8.4298e-03 2.6238e+01 1.1369e-13
   432 5.9506e-03 2.7097e+01    6.1347e-03 2.6284e+01 5.6843e-14
   384 4.1674e-03 2.7174e+01    4.3117e-03 2.6265e+01 5.6843e-14
   336 2.7940e-03 2.7154e+01    2.8915e-03 2.6238e+01 5.6843e-14
   288 1.7789e-03 2.6857e+01    1.8294e-03 2.6115e+01 7.1054e-14
   240 1.0378e-03 2.6640e+01    1.0636e-03 2.5995e+01 4.2633e-14
   192 5.3674e-04 2.6373e+01    5.4472e-04 2.5987e+01 2.8422e-14
   144 2.3262e-04 2.5673e+01    2.3262e-04 2.5673e+01 2.8422e-14
    96 7.5100e-05 2.3562e+01    7.0452e-05 2.5116e+01 1.0658e-14
    48 1.3745e-05 1.6092e+01    9.4270e-06 2.3463e+01 5.3291e-15
];

% Maximum difference between reference and your implementation: 1.818989e-12.
