% number of repeats:% 3
% enter first, last, inc:% 48 1488 48 
data = [
%  n          reference      |         current implementation 
%        time       GFLOPS   |    time       GFLOPS     diff 
  1488 2.3751e-01 2.7743e+01    3.4388e-01 1.9162e+01 1.8190e-12
  1440 2.1587e-01 2.7665e+01    3.1527e-01 1.8942e+01 1.8190e-12
  1392 1.9523e-01 2.7631e+01    2.7933e-01 1.9312e+01 1.6485e-12
  1344 1.7592e-01 2.7600e+01    2.7842e-01 1.7439e+01 1.5348e-12
  1296 1.5797e-01 2.7559e+01    2.2562e-01 1.9296e+01 1.3642e-12
  1248 1.4123e-01 2.7525e+01    2.0597e-01 1.8874e+01 1.4211e-12
  1200 1.2553e-01 2.7531e+01    1.7751e-01 1.9470e+01 1.1369e-12
  1152 1.1745e-01 2.6033e+01    1.7902e-01 1.7080e+01 9.6634e-13
  1104 9.9522e-02 2.7041e+01    1.3786e-01 1.9521e+01 6.8212e-13
  1056 8.6179e-02 2.7329e+01    1.2555e-01 1.8759e+01 5.1159e-13
  1008 7.4479e-02 2.7503e+01    1.0551e-01 1.9415e+01 2.2737e-13
   960 6.4756e-02 2.7325e+01    9.8114e-02 1.8035e+01 1.7053e-13
   912 5.5700e-02 2.7237e+01    7.7083e-02 1.9681e+01 1.1369e-13
   864 4.7178e-02 2.7342e+01    6.6219e-02 1.9480e+01 1.1369e-13
   816 3.9853e-02 2.7267e+01    5.3974e-02 2.0133e+01 1.4211e-13
   768 3.3570e-02 2.6987e+01    5.0727e-02 1.7860e+01 1.4211e-13
   720 2.7944e-02 2.6714e+01    3.7467e-02 1.9924e+01 1.1369e-13
   672 2.2680e-02 2.6761e+01    3.1249e-02 1.9422e+01 1.1369e-13
   624 1.8318e-02 2.6528e+01    2.5780e-02 1.8850e+01 1.1369e-13
   576 1.5030e-02 2.5430e+01    2.1646e-02 1.7657e+01 1.7053e-13
   528 1.1422e-02 2.5774e+01    1.5414e-02 1.9099e+01 1.1369e-13
   480 8.4015e-03 2.6327e+01    1.1510e-02 1.9217e+01 1.1369e-13
   432 6.0295e-03 2.6742e+01    8.2096e-03 1.9641e+01 5.6843e-14
   384 4.2080e-03 2.6912e+01    6.4402e-03 1.7584e+01 5.6843e-14
   336 2.8044e-03 2.7053e+01    3.8168e-03 1.9877e+01 5.6843e-14
   288 1.7770e-03 2.6886e+01    2.3576e-03 2.0265e+01 7.1054e-14
   240 1.0330e-03 2.6764e+01    1.3390e-03 2.0648e+01 4.2633e-14
   192 5.3631e-04 2.6395e+01    7.4674e-04 1.8957e+01 2.8422e-14
   144 2.3213e-04 2.5727e+01    2.8939e-04 2.0636e+01 2.8422e-14
    96 7.5060e-05 2.3574e+01    8.5320e-05 2.0739e+01 1.0658e-14
    48 1.3606e-05 1.6256e+01    1.1060e-05 1.9999e+01 5.3291e-15
];

% Maximum difference between reference and your implementation: 1.818989e-12.
