% number of repeats:% 3
% enter first, last, inc:% 48 1488 48 
data = [
%  n          reference      |         current implementation 
%        time       GFLOPS   |    time       GFLOPS     diff 
  1488 2.3607e-01 2.7913e+01    2.8699e-01 2.2960e+01 1.8190e-12
  1440 2.1492e-01 2.7787e+01    2.6402e-01 2.2619e+01 1.8190e-12
  1392 1.9387e-01 2.7826e+01    2.3131e-01 2.3321e+01 1.6485e-12
  1344 1.7473e-01 2.7788e+01    2.2573e-01 2.1510e+01 1.5348e-12
  1296 1.5676e-01 2.7773e+01    1.8381e-01 2.3685e+01 1.3642e-12
  1248 1.3984e-01 2.7800e+01    1.6606e-01 2.3410e+01 1.4211e-12
  1200 1.2625e-01 2.7375e+01    1.4636e-01 2.3613e+01 1.1369e-12
  1152 1.1062e-01 2.7640e+01    1.3513e-01 2.2627e+01 9.6634e-13
  1104 9.7842e-02 2.7505e+01    1.1330e-01 2.3751e+01 6.8212e-13
  1056 8.5599e-02 2.7514e+01    9.7349e-02 2.4193e+01 5.1159e-13
  1008 7.3794e-02 2.7758e+01    8.4595e-02 2.4214e+01 2.2737e-13
   960 6.3904e-02 2.7690e+01    7.0255e-02 2.5187e+01 1.7053e-13
   912 5.4885e-02 2.7641e+01    5.9847e-02 2.5350e+01 1.1369e-13
   864 4.6902e-02 2.7503e+01    5.0503e-02 2.5542e+01 1.1369e-13
   816 3.9708e-02 2.7367e+01    4.2478e-02 2.5582e+01 1.4211e-13
   768 3.3387e-02 2.7135e+01    3.8513e-02 2.3524e+01 1.4211e-13
   720 2.7500e-02 2.7145e+01    2.8788e-02 2.5931e+01 1.1369e-13
   672 2.2480e-02 2.6999e+01    2.3447e-02 2.5885e+01 1.1369e-13
   624 1.8069e-02 2.6894e+01    1.8832e-02 2.5804e+01 1.1369e-13
   576 1.4295e-02 2.6737e+01    1.4918e-02 2.5621e+01 1.7053e-13
   528 1.1057e-02 2.6626e+01    1.1413e-02 2.5794e+01 1.1369e-13
   480 8.3293e-03 2.6555e+01    8.5121e-03 2.5985e+01 1.1369e-13
   432 6.0384e-03 2.6703e+01    6.1644e-03 2.6157e+01 5.6843e-14
   384 4.2126e-03 2.6883e+01    4.7137e-03 2.4025e+01 5.6843e-14
   336 2.7869e-03 2.7223e+01    2.9037e-03 2.6128e+01 5.6843e-14
   288 1.7662e-03 2.7051e+01    1.8249e-03 2.6180e+01 7.1054e-14
   240 1.0306e-03 2.6828e+01    1.0510e-03 2.6306e+01 4.2633e-14
   192 5.3944e-04 2.6242e+01    5.4031e-04 2.6199e+01 2.8422e-14
   144 2.3290e-04 2.5642e+01    2.2608e-04 2.6415e+01 2.8422e-14
    96 7.5181e-05 2.3536e+01    6.6986e-05 2.6416e+01 1.0658e-14
    48 1.3676e-05 1.6173e+01    8.4760e-06 2.6095e+01 5.3291e-15
];

% Maximum difference between reference and your implementation: 1.818989e-12.
