% number of repeats:% 3
% enter first, last, inc:% 48 1488 48 
data = [
%  n          reference      |         current implementation 
%        time       GFLOPS   |    time       GFLOPS     diff 
  1488 2.3781e-01 2.7709e+01    5.7186e-01 1.1523e+01 1.8190e-12
  1440 2.1557e-01 2.7704e+01    5.4138e-01 1.1031e+01 1.8190e-12
  1392 1.9545e-01 2.7600e+01    4.4751e-01 1.2054e+01 1.6485e-12
  1344 1.7636e-01 2.7531e+01    4.6149e-01 1.0521e+01 1.5348e-12
  1296 1.5814e-01 2.7530e+01    3.5000e-01 1.2439e+01 1.3642e-12
  1248 1.4147e-01 2.7479e+01    3.3131e-01 1.1734e+01 1.4211e-12
  1200 1.2638e-01 2.7347e+01    2.5990e-01 1.3297e+01 1.1369e-12
  1152 1.1207e-01 2.7283e+01    2.7194e-01 1.1244e+01 9.6634e-13
  1104 9.8953e-02 2.7196e+01    1.8801e-01 1.4314e+01 6.8212e-13
  1056 8.6900e-02 2.7102e+01    1.5977e-01 1.4741e+01 5.1159e-13
  1008 7.4787e-02 2.7390e+01    1.3981e-01 1.4651e+01 2.2737e-13
   960 6.4554e-02 2.7411e+01    1.3790e-01 1.2832e+01 1.7053e-13
   912 5.5402e-02 2.7383e+01    1.0092e-01 1.5033e+01 1.1369e-13
   864 4.7040e-02 2.7422e+01    8.3855e-02 1.5383e+01 1.1369e-13
   816 3.9832e-02 2.7281e+01    7.0347e-02 1.5447e+01 1.4211e-13
   768 3.3680e-02 2.6899e+01    8.4287e-02 1.0749e+01 1.4211e-13
   720 2.8022e-02 2.6639e+01    4.8927e-02 1.5257e+01 1.1369e-13
   672 2.2860e-02 2.6550e+01    4.0076e-02 1.5145e+01 1.1369e-13
   624 1.8444e-02 2.6347e+01    3.1924e-02 1.5222e+01 1.1369e-13
   576 1.4520e-02 2.6322e+01    2.5719e-02 1.4861e+01 1.7053e-13
   528 1.1221e-02 2.6235e+01    1.9603e-02 1.5018e+01 1.1369e-13
   480 8.5385e-03 2.5904e+01    1.4481e-02 1.5274e+01 1.1369e-13
   432 6.2148e-03 2.5945e+01    1.0637e-02 1.5159e+01 5.6843e-14
   384 4.3301e-03 2.6153e+01    8.6081e-03 1.3156e+01 5.6843e-14
   336 2.8933e-03 2.6221e+01    4.9816e-03 1.5229e+01 5.6843e-14
   288 1.7819e-03 2.6812e+01    3.0315e-03 1.5760e+01 7.1054e-14
   240 1.0406e-03 2.6570e+01    1.7308e-03 1.5974e+01 4.2633e-14
   192 5.4008e-04 2.6210e+01    8.3543e-04 1.6944e+01 2.8422e-14
   144 2.3286e-04 2.5647e+01    2.7602e-04 2.1636e+01 2.8422e-14
    96 7.5300e-05 2.3499e+01    8.5129e-05 2.0786e+01 1.0658e-14
    48 1.3756e-05 1.6079e+01    1.1041e-05 2.0033e+01 5.3291e-15
];

% Maximum difference between reference and your implementation: 1.818989e-12.
