% number of repeats:% 3
% enter first, last, inc:% 48 1488 48 
data = [
%  n          reference      |         current implementation 
%        time       GFLOPS   |    time       GFLOPS     diff 
  1488 2.4022e-01 2.7430e+01    2.8509e-01 2.3113e+01 1.8190e-12
  1440 2.2030e-01 2.7108e+01    2.6483e-01 2.2550e+01 1.8190e-12
  1392 1.9702e-01 2.7380e+01    2.3703e-01 2.2759e+01 1.6485e-12
  1344 1.7708e-01 2.7419e+01    2.2068e-01 2.2002e+01 1.5348e-12
  1296 1.5867e-01 2.7437e+01    1.8893e-01 2.3043e+01 1.3642e-12
  1248 1.4184e-01 2.7408e+01    1.7119e-01 2.2709e+01 1.4211e-12
  1200 1.2632e-01 2.7359e+01    1.5090e-01 2.2902e+01 1.1369e-12
  1152 1.1210e-01 2.7275e+01    1.3858e-01 2.2064e+01 9.6634e-13
  1104 1.0072e-01 2.6719e+01    1.1775e-01 2.2854e+01 6.8212e-13
  1056 8.6947e-02 2.7087e+01    1.0286e-01 2.2897e+01 5.1159e-13
  1008 7.4791e-02 2.7388e+01    8.3453e-02 2.4545e+01 2.2737e-13
   960 6.4459e-02 2.7451e+01    7.5441e-02 2.3455e+01 1.7053e-13
   912 5.5477e-02 2.7347e+01    6.0894e-02 2.4914e+01 1.1369e-13
   864 4.7287e-02 2.7279e+01    5.1803e-02 2.4901e+01 1.1369e-13
   816 4.0021e-02 2.7152e+01    4.3126e-02 2.5198e+01 1.4211e-13
   768 3.3613e-02 2.6953e+01    3.9037e-02 2.3208e+01 1.4211e-13
   720 2.7786e-02 2.6866e+01    2.9958e-02 2.4918e+01 1.1369e-13
   672 2.2727e-02 2.6706e+01    2.4223e-02 2.5056e+01 1.1369e-13
   624 1.8213e-02 2.6681e+01    1.8908e-02 2.5700e+01 1.1369e-13
   576 1.4447e-02 2.6456e+01    1.5668e-02 2.4393e+01 1.7053e-13
   528 1.1160e-02 2.6379e+01    1.1470e-02 2.5667e+01 1.1369e-13
   480 8.4614e-03 2.6140e+01    8.5526e-03 2.5861e+01 1.1369e-13
   432 6.1944e-03 2.6031e+01    6.1152e-03 2.6368e+01 5.6843e-14
   384 4.3005e-03 2.6334e+01    4.5129e-03 2.5094e+01 5.6843e-14
   336 2.8389e-03 2.6724e+01    2.8331e-03 2.6778e+01 5.6843e-14
   288 1.7921e-03 2.6659e+01    1.7560e-03 2.7207e+01 7.1054e-14
   240 1.0362e-03 2.6683e+01    1.0198e-03 2.7111e+01 4.2633e-14
   192 5.3903e-04 2.6262e+01    5.6590e-04 2.5015e+01 2.8422e-14
   144 2.3266e-04 2.5669e+01    2.2028e-04 2.7111e+01 2.8422e-14
    96 7.4960e-05 2.3606e+01    6.3789e-05 2.7739e+01 1.0658e-14
    48 1.3625e-05 1.6234e+01    8.4250e-06 2.6253e+01 5.3291e-15
];

% Maximum difference between reference and your implementation: 1.818989e-12.
