% number of repeats:% 3
% enter first, last, inc:% 48 1488 48 
data = [
%  n          reference      |         current implementation 
%        time       GFLOPS   |    time       GFLOPS     diff 
  1488 2.3954e-01 2.7508e+01    2.7961e-01 2.3566e+01 1.8190e-12
  1440 2.1620e-01 2.7623e+01    2.6222e-01 2.2775e+01 1.8190e-12
  1392 1.9544e-01 2.7601e+01    2.3012e-01 2.3442e+01 1.6485e-12
  1344 1.7651e-01 2.7508e+01    2.3209e-01 2.0920e+01 1.5348e-12
  1296 1.5772e-01 2.7603e+01    1.8454e-01 2.3591e+01 1.3642e-12
  1248 1.4496e-01 2.6817e+01    1.7115e-01 2.2714e+01 1.4211e-12
  1200 1.2557e-01 2.7523e+01    1.4849e-01 2.3274e+01 1.1369e-12
  1152 1.1129e-01 2.7474e+01    1.4543e-01 2.1025e+01 9.6634e-13
  1104 1.0021e-01 2.6855e+01    1.1408e-01 2.3589e+01 6.8212e-13
  1056 8.6721e-02 2.7158e+01    1.0240e-01 2.3000e+01 5.1159e-13
  1008 7.4609e-02 2.7455e+01    8.3594e-02 2.4504e+01 2.2737e-13
   960 6.4393e-02 2.7479e+01    7.9550e-02 2.2244e+01 1.7053e-13
   912 5.5525e-02 2.7323e+01    6.1635e-02 2.4614e+01 1.1369e-13
   864 4.8779e-02 2.6445e+01    5.3603e-02 2.4065e+01 1.1369e-13
   816 4.0309e-02 2.6959e+01    4.3384e-02 2.5048e+01 1.4211e-13
   768 3.3950e-02 2.6685e+01    3.9726e-02 2.2806e+01 1.4211e-13
   720 2.7998e-02 2.6662e+01    2.9576e-02 2.5240e+01 1.1369e-13
   672 2.2667e-02 2.6775e+01    2.3952e-02 2.5339e+01 1.1369e-13
   624 1.8201e-02 2.6698e+01    1.8844e-02 2.5787e+01 1.1369e-13
   576 1.4450e-02 2.6451e+01    1.5672e-02 2.4388e+01 1.7053e-13
   528 1.1182e-02 2.6327e+01    1.1321e-02 2.6004e+01 1.1369e-13
   480 8.3588e-03 2.6461e+01    8.5186e-03 2.5965e+01 1.1369e-13
   432 5.9902e-03 2.6918e+01    6.1447e-03 2.6241e+01 5.6843e-14
   384 4.1855e-03 2.7057e+01    4.4633e-03 2.5373e+01 5.6843e-14
   336 2.8065e-03 2.7032e+01    2.8530e-03 2.6592e+01 5.6843e-14
   288 1.7745e-03 2.6924e+01    1.7951e-03 2.6614e+01 7.1054e-14
   240 1.0333e-03 2.6758e+01    1.0449e-03 2.6459e+01 4.2633e-14
   192 5.3887e-04 2.6269e+01    5.5874e-04 2.5335e+01 2.8422e-14
   144 2.3248e-04 2.5689e+01    2.2576e-04 2.6452e+01 2.8422e-14
    96 7.5041e-05 2.3580e+01    6.5162e-05 2.7155e+01 1.0658e-14
    48 1.3705e-05 1.6139e+01    8.5560e-06 2.5851e+01 5.3291e-15
];

% Maximum difference between reference and your implementation: 1.818989e-12.
