% number of repeats:% 3
% enter first, last, inc:% 48 1488 48 
data = [
%  n          reference      |         current implementation 
%        time       GFLOPS   |    time       GFLOPS     diff 
  1488 2.4023e-01 2.7429e+01    2.9246e-01 2.2531e+01 1.8190e-12
  1440 2.1586e-01 2.7665e+01    2.5455e-01 2.3460e+01 1.8190e-12
  1392 1.9580e-01 2.7551e+01    2.3128e-01 2.3325e+01 1.6485e-12
  1344 1.7579e-01 2.7621e+01    2.1666e-01 2.2410e+01 1.5348e-12
  1296 1.5873e-01 2.7427e+01    1.8464e-01 2.3579e+01 1.3642e-12
  1248 1.4135e-01 2.7503e+01    1.6824e-01 2.3107e+01 1.4211e-12
  1200 1.2793e-01 2.7015e+01    1.4845e-01 2.3280e+01 1.1369e-12
  1152 1.1164e-01 2.7388e+01    1.3568e-01 2.2536e+01 9.6634e-13
  1104 9.8380e-02 2.7355e+01    1.1213e-01 2.3999e+01 6.8212e-13
  1056 8.6848e-02 2.7118e+01    1.0004e-01 2.3542e+01 5.1159e-13
  1008 7.5497e-02 2.7132e+01    8.1819e-02 2.5036e+01 2.2737e-13
   960 6.4500e-02 2.7434e+01    7.3230e-02 2.4163e+01 1.7053e-13
   912 5.5494e-02 2.7338e+01    6.0103e-02 2.5242e+01 1.1369e-13
   864 4.7210e-02 2.7324e+01    5.1252e-02 2.5169e+01 1.1369e-13
   816 3.9972e-02 2.7186e+01    4.2732e-02 2.5430e+01 1.4211e-13
   768 3.3693e-02 2.6889e+01    3.8658e-02 2.3435e+01 1.4211e-13
   720 2.7947e-02 2.6711e+01    2.9811e-02 2.5041e+01 1.1369e-13
   672 2.2967e-02 2.6426e+01    2.4470e-02 2.4803e+01 1.1369e-13
   624 1.8480e-02 2.6296e+01    1.8975e-02 2.5610e+01 1.1369e-13
   576 1.4460e-02 2.6431e+01    1.5779e-02 2.4222e+01 1.7053e-13
   528 1.1408e-02 2.5805e+01    1.1687e-02 2.5191e+01 1.1369e-13
   480 8.6131e-03 2.5680e+01    8.7776e-03 2.5199e+01 1.1369e-13
   432 6.3388e-03 2.5438e+01    6.2170e-03 2.5936e+01 5.6843e-14
   384 4.3480e-03 2.6046e+01    4.5494e-03 2.4893e+01 5.6843e-14
   336 2.9311e-03 2.5883e+01    2.8837e-03 2.6309e+01 5.6843e-14
   288 1.7931e-03 2.6645e+01    1.7556e-03 2.7213e+01 7.1054e-14
   240 1.0581e-03 2.6129e+01    1.0231e-03 2.7024e+01 4.2633e-14
   192 5.3719e-04 2.6352e+01    5.6843e-04 2.4903e+01 2.8422e-14
   144 2.3252e-04 2.5684e+01    2.2101e-04 2.7021e+01 2.8422e-14
    96 7.5171e-05 2.3539e+01    6.3950e-05 2.7670e+01 1.0658e-14
    48 1.3876e-05 1.5940e+01    8.4160e-06 2.6281e+01 5.3291e-15
];

% Maximum difference between reference and your implementation: 1.818989e-12.
