% number of repeats:% 3
% enter first, last, inc:% 48 1488 48 
data = [
%  n          reference      |         current implementation 
%        time       GFLOPS   |    time       GFLOPS     diff 
  1488 2.3873e-01 2.7601e+01    2.8882e-01 2.2814e+01 1.8190e-12
  1440 2.1806e-01 2.7386e+01    2.6063e-01 2.2914e+01 1.8190e-12
  1392 1.9613e-01 2.7504e+01    2.3187e-01 2.3265e+01 1.6485e-12
  1344 1.7681e-01 2.7461e+01    2.2048e-01 2.2022e+01 1.5348e-12
  1296 1.5834e-01 2.7495e+01    1.8162e-01 2.3970e+01 1.3642e-12
  1248 1.4309e-01 2.7169e+01    1.6538e-01 2.3507e+01 1.4211e-12
  1200 1.2568e-01 2.7499e+01    1.4555e-01 2.3744e+01 1.1369e-12
  1152 1.1221e-01 2.7250e+01    1.3510e-01 2.2632e+01 9.6634e-13
  1104 9.8622e-02 2.7287e+01    1.1136e-01 2.4165e+01 6.8212e-13
  1056 8.6498e-02 2.7228e+01    9.7720e-02 2.4101e+01 5.1159e-13
  1008 7.4586e-02 2.7464e+01    7.9906e-02 2.5635e+01 2.2737e-13
   960 6.4570e-02 2.7404e+01    7.3567e-02 2.4053e+01 1.7053e-13
   912 5.5993e-02 2.7094e+01    5.9585e-02 2.5461e+01 1.1369e-13
   864 4.7798e-02 2.6987e+01    4.9761e-02 2.5923e+01 1.1369e-13
   816 4.0464e-02 2.6855e+01    4.1910e-02 2.5929e+01 1.4211e-13
   768 3.4011e-02 2.6638e+01    3.7815e-02 2.3958e+01 1.4211e-13
   720 2.8068e-02 2.6596e+01    2.8319e-02 2.6360e+01 1.1369e-13
   672 2.2689e-02 2.6750e+01    2.2671e-02 2.6771e+01 1.1369e-13
   624 1.8113e-02 2.6829e+01    1.8060e-02 2.6907e+01 1.1369e-13
   576 1.4351e-02 2.6632e+01    1.5378e-02 2.4854e+01 1.7053e-13
   528 1.1365e-02 2.5905e+01    1.1126e-02 2.6459e+01 1.1369e-13
   480 8.4270e-03 2.6247e+01    8.3207e-03 2.6582e+01 1.1369e-13
   432 6.1228e-03 2.6335e+01    6.0574e-03 2.6619e+01 5.6843e-14
   384 4.2576e-03 2.6599e+01    4.5378e-03 2.4956e+01 5.6843e-14
   336 2.8519e-03 2.6602e+01    2.8332e-03 2.6778e+01 5.6843e-14
   288 1.7898e-03 2.6693e+01    1.7500e-03 2.7300e+01 7.1054e-14
   240 1.0398e-03 2.6590e+01    1.0237e-03 2.7007e+01 4.2633e-14
   192 5.3694e-04 2.6364e+01    5.6684e-04 2.4973e+01 2.8422e-14
   144 2.3211e-04 2.5729e+01    2.1982e-04 2.7167e+01 2.8422e-14
    96 7.5311e-05 2.3496e+01    6.3820e-05 2.7726e+01 1.0658e-14
    48 1.3736e-05 1.6103e+01    8.4560e-06 2.6157e+01 5.3291e-15
];

% Maximum difference between reference and your implementation: 1.818989e-12.
