% number of repeats:% 3
% enter first, last, inc:% 48 1488 48 
data = [
%  n          reference      |         current implementation 
%        time       GFLOPS   |    time       GFLOPS     diff 
  1488 2.3544e-01 2.7987e+01    3.4980e-01 1.8837e+01 1.8190e-12
  1440 2.1395e-01 2.7913e+01    3.1998e-01 1.8664e+01 1.8190e-12
  1392 1.9323e-01 2.7917e+01    2.8645e-01 1.8832e+01 1.6485e-12
  1344 1.7435e-01 2.7849e+01    2.5794e-01 1.8824e+01 1.5348e-12
  1296 1.5678e-01 2.7769e+01    2.3198e-01 1.8767e+01 1.3642e-12
  1248 1.3971e-01 2.7825e+01    2.0783e-01 1.8705e+01 1.4211e-12
  1200 1.2446e-01 2.7768e+01    1.8196e-01 1.8993e+01 1.1369e-12
  1152 1.1035e-01 2.7709e+01    1.7794e-01 1.7184e+01 9.6634e-13
  1104 9.7275e-02 2.7665e+01    1.4142e-01 1.9029e+01 6.8212e-13
  1056 8.5413e-02 2.7574e+01    1.2331e-01 1.9100e+01 5.1159e-13
  1008 7.3822e-02 2.7748e+01    1.0806e-01 1.8956e+01 2.2737e-13
   960 6.3905e-02 2.7689e+01    9.2915e-02 1.9044e+01 1.7053e-13
   912 5.4875e-02 2.7646e+01    7.9156e-02 1.9166e+01 1.1369e-13
   864 4.6837e-02 2.7541e+01    6.6976e-02 1.9260e+01 1.1369e-13
   816 3.9631e-02 2.7420e+01    5.6181e-02 1.9342e+01 1.4211e-13
   768 3.3307e-02 2.7201e+01    5.1813e-02 1.7485e+01 1.4211e-13
   720 2.7455e-02 2.7190e+01    3.8119e-02 1.9583e+01 1.1369e-13
   672 2.2449e-02 2.7035e+01    3.1015e-02 1.9569e+01 1.1369e-13
   624 1.8036e-02 2.6944e+01    2.4904e-02 1.9513e+01 1.1369e-13
   576 1.4234e-02 2.6852e+01    1.9909e-02 1.9198e+01 1.7053e-13
   528 1.1024e-02 2.6705e+01    1.5047e-02 1.9566e+01 1.1369e-13
   480 8.2648e-03 2.6762e+01    1.1298e-02 1.9576e+01 1.1369e-13
   432 5.9726e-03 2.6997e+01    8.1790e-03 1.9714e+01 5.6843e-14
   384 4.1589e-03 2.7230e+01    6.3401e-03 1.7862e+01 5.6843e-14
   336 2.7862e-03 2.7229e+01    3.8657e-03 1.9626e+01 5.6843e-14
   288 1.7565e-03 2.7199e+01    2.4391e-03 1.9588e+01 7.1054e-14
   240 1.0277e-03 2.6903e+01    1.4108e-03 1.9598e+01 4.2633e-14
   192 5.3603e-04 2.6408e+01    7.2897e-04 1.9419e+01 2.8422e-14
   144 2.3253e-04 2.5682e+01    3.0186e-04 1.9784e+01 2.8422e-14
    96 7.5101e-05 2.3561e+01    8.9017e-05 1.9878e+01 1.0658e-14
    48 1.3666e-05 1.6185e+01    1.1131e-05 1.9871e+01 5.3291e-15
];

% Maximum difference between reference and your implementation: 1.818989e-12.
