% number of repeats:% 3
% enter first, last, inc:% 48 1488 48 
data = [
%  n          reference      |         current implementation 
%        time       GFLOPS   |    time       GFLOPS     diff 
  1488 2.3837e-01 2.7644e+01    1.4195e+00 4.6420e+00 1.8190e-12
  1440 2.1999e-01 2.7146e+01    1.4390e+00 4.1500e+00 1.8758e-12
  1392 1.9763e-01 2.7295e+01    1.2644e+00 4.2665e+00 1.5916e-12
  1344 1.8085e-01 2.6849e+01    1.2685e+00 3.8276e+00 1.5348e-12
  1296 1.6211e-01 2.6856e+01    1.0572e+00 4.1181e+00 1.3642e-12
  1248 1.4270e-01 2.7243e+01    9.5156e-01 4.0854e+00 1.4211e-12
  1200 1.2817e-01 2.6965e+01    8.0714e-01 4.2818e+00 1.1369e-12
  1152 1.1378e-01 2.6873e+01    6.5151e-01 4.6932e+00 9.6634e-13
  1104 1.0027e-01 2.6839e+01    5.3666e-01 5.0147e+00 6.8212e-13
  1056 8.6512e-02 2.7224e+01    4.4315e-01 5.3147e+00 5.1159e-13
  1008 7.4588e-02 2.7463e+01    3.5759e-01 5.7283e+00 2.2737e-13
   960 6.4346e-02 2.7499e+01    2.8121e-01 6.2924e+00 1.9895e-13
   912 5.5453e-02 2.7358e+01    2.1847e-01 6.9443e+00 1.7053e-13
   864 4.7355e-02 2.7240e+01    1.7054e-01 7.5639e+00 1.9895e-13
   816 4.0090e-02 2.7106e+01    1.3759e-01 7.8981e+00 1.4211e-13
   768 3.3644e-02 2.6928e+01    1.1172e-01 8.1090e+00 1.7053e-13
   720 2.7914e-02 2.6743e+01    8.8663e-02 8.4194e+00 1.4211e-13
   672 2.2771e-02 2.6653e+01    7.2145e-02 8.4127e+00 1.7053e-13
   624 1.8324e-02 2.6520e+01    5.7377e-02 8.4693e+00 1.4211e-13
   576 1.4448e-02 2.6454e+01    4.5228e-02 8.4506e+00 1.7053e-13
   528 1.1148e-02 2.6407e+01    3.4754e-02 8.4707e+00 1.4211e-13
   480 8.4465e-03 2.6187e+01    2.6121e-02 8.4678e+00 1.1369e-13
   432 6.1718e-03 2.6126e+01    1.8891e-02 8.5355e+00 7.1054e-14
   384 4.2560e-03 2.6609e+01    1.3396e-02 8.4539e+00 7.1054e-14
   336 2.8061e-03 2.7037e+01    8.8973e-03 8.5268e+00 5.6843e-14
   288 1.7728e-03 2.6949e+01    5.6785e-03 8.4134e+00 8.5265e-14
   240 1.0325e-03 2.6777e+01    3.3366e-03 8.2862e+00 4.2633e-14
   192 5.3816e-04 2.6304e+01    1.7880e-03 7.9173e+00 3.5527e-14
   144 2.3230e-04 2.5707e+01    7.4688e-04 7.9959e+00 2.8422e-14
    96 7.4950e-05 2.3609e+01    2.4336e-04 7.2711e+00 1.4211e-14
    48 1.3706e-05 1.6138e+01    2.5688e-05 8.6104e+00 7.1054e-15
];

% Maximum difference between reference and your implementation: 1.875833e-12.
