% number of repeats:% 3
% enter first, last, inc:% 48 1488 48 
data = [
%  n          reference      |         current implementation 
%        time       GFLOPS   |    time       GFLOPS     diff 
  1488 2.3903e-01 2.7567e+01    3.2042e+00 2.0564e+00 1.8190e-12
  1440 2.1634e-01 2.7604e+01    2.9028e+00 2.0573e+00 1.8758e-12
  1392 1.9542e-01 2.7605e+01    2.6352e+00 2.0471e+00 1.5916e-12
  1344 1.8016e-01 2.6951e+01    2.4332e+00 1.9955e+00 1.5348e-12
  1296 1.6354e-01 2.6621e+01    2.2038e+00 1.9755e+00 1.3642e-12
  1248 1.4453e-01 2.6898e+01    1.9264e+00 2.0180e+00 1.4211e-12
  1200 1.2894e-01 2.6803e+01    1.6904e+00 2.0445e+00 1.1369e-12
  1152 1.1362e-01 2.6912e+01    1.4360e+00 2.1292e+00 9.6634e-13
  1104 1.0037e-01 2.6812e+01    1.2597e+00 2.1364e+00 6.8212e-13
  1056 9.2370e-02 2.5497e+01    9.1881e-01 2.5633e+00 5.1159e-13
  1008 7.6511e-02 2.6773e+01    5.6383e-01 3.6330e+00 2.2737e-13
   960 6.5204e-02 2.7138e+01    3.9051e-01 4.5311e+00 1.9895e-13
   912 5.5923e-02 2.7128e+01    2.7855e-01 5.4464e+00 1.7053e-13
   864 4.7738e-02 2.7021e+01    2.2464e-01 5.7423e+00 1.9895e-13
   816 4.1230e-02 2.6356e+01    1.7719e-01 6.1327e+00 1.4211e-13
   768 3.6539e-02 2.4795e+01    1.2757e-01 7.1016e+00 1.7053e-13
   720 2.8240e-02 2.6434e+01    9.6137e-02 7.7649e+00 1.4211e-13
   672 2.3978e-02 2.5312e+01    7.6457e-02 7.9382e+00 1.7053e-13
   624 1.8459e-02 2.6325e+01    6.1727e-02 7.8724e+00 1.4211e-13
   576 1.4499e-02 2.6360e+01    4.8035e-02 7.9568e+00 1.7053e-13
   528 1.1407e-02 2.5809e+01    3.6889e-02 7.9806e+00 1.4211e-13
   480 8.5725e-03 2.5802e+01    2.7868e-02 7.9367e+00 1.1369e-13
   432 6.1958e-03 2.6024e+01    2.0101e-02 8.0215e+00 7.1054e-14
   384 4.3828e-03 2.5839e+01    1.4235e-02 7.9556e+00 7.1054e-14
   336 2.9645e-03 2.5592e+01    9.6118e-03 7.8930e+00 5.6843e-14
   288 1.8088e-03 2.6413e+01    5.9851e-03 7.9825e+00 8.5265e-14
   240 1.0470e-03 2.6407e+01    3.5421e-03 7.8056e+00 4.2633e-14
   192 5.4173e-04 2.6130e+01    1.8872e-03 7.5009e+00 3.5527e-14
   144 2.3291e-04 2.5641e+01    7.9538e-04 7.5083e+00 2.8422e-14
    96 7.5412e-05 2.3464e+01    2.5162e-04 7.0323e+00 1.4211e-14
    48 1.3675e-05 1.6174e+01    2.7863e-05 7.9383e+00 7.1054e-15
];

% Maximum difference between reference and your implementation: 1.875833e-12.
