% number of repeats:% 3
% enter first, last, inc:% 48 480 48 
data = [
%  n          reference      |         current implementation 
%        time       GFLOPS   |    time       GFLOPS     diff 
   480 8.4924e-03 2.6045e+01    1.2461e-01 1.7750e+00 1.1369e-13
   432 6.1331e-03 2.6291e+01    9.0686e-02 1.7780e+00 7.1054e-14
   384 4.2695e-03 2.6525e+01    8.5258e-02 1.3283e+00 7.1054e-14
   336 2.8484e-03 2.6634e+01    4.2620e-02 1.7801e+00 7.1054e-14
   288 1.7795e-03 2.6848e+01    2.6586e-02 1.7970e+00 5.6843e-14
   240 1.0331e-03 2.6762e+01    1.2243e-02 2.2582e+00 4.2633e-14
   192 5.3681e-04 2.6370e+01    7.8175e-03 1.8108e+00 2.8422e-14
   144 2.3239e-04 2.5698e+01    2.2465e-03 2.6583e+00 2.8422e-14
    96 7.4881e-05 2.3630e+01    6.3842e-04 2.7717e+00 1.4211e-14
    48 1.3665e-05 1.6186e+01    6.7746e-05 3.2649e+00 7.1054e-15
];

% Maximum difference between reference and your implementation: 1.136868e-13.
