% number of repeats:% 3
% enter first, last, inc:% 48 480 48 
data = [
%  n          reference      |         current implementation 
%        time       GFLOPS   |    time       GFLOPS     diff 
   480 8.6136e-03 2.5678e+01    9.5149e-02 2.3246e+00 1.1369e-13
   432 6.3051e-03 2.5574e+01    6.9076e-02 2.3343e+00 7.1054e-14
   384 4.3541e-03 2.6009e+01    5.1265e-02 2.2090e+00 7.1054e-14
   336 2.9495e-03 2.5721e+01    3.2307e-02 2.3483e+00 7.1054e-14
   288 1.7932e-03 2.6642e+01    2.0213e-02 2.3636e+00 5.6843e-14
   240 1.0296e-03 2.6853e+01    1.1565e-02 2.3906e+00 4.2633e-14
   192 5.3902e-04 2.6262e+01    5.8560e-03 2.4173e+00 2.8422e-14
   144 2.3226e-04 2.5713e+01    2.3515e-03 2.5397e+00 2.8422e-14
    96 7.4901e-05 2.3624e+01    6.5463e-04 2.7030e+00 1.4211e-14
    48 1.3636e-05 1.6221e+01    7.1734e-05 3.0834e+00 7.1054e-15
];

% Maximum difference between reference and your implementation: 1.136868e-13.
